0.00000000 0.00000000 0.00000000 
0.10000000 0.89921847 4.90466476 
0.20000000 2.28882521 9.80869108 
0.30000000 4.16868617 14.71169617 
0.40000000 6.53862909 19.61329761 
0.50000000 9.39844354 24.51311345 
0.60000000 12.74788099 29.41076232 
0.70000000 16.58665488 34.30586356 
0.80000000 20.91444074 39.19803730 
0.90000000 25.73087624 44.08690460 
1.00000000 31.03556138 48.97208757 
1.10000000 36.82805853 53.85320945 
1.20000000 43.10789262 58.72989473 
1.30000000 49.87455126 63.60176927 
1.40000000 57.12748491 68.46846041 
1.50000000 64.86610705 73.32959707 
1.60000000 73.08979433 78.18480983 
1.70000000 81.79788680 83.03373109 
1.80000000 90.98968806 87.87599512 
1.90000000 100.66446552 92.71123822 
2.00000000 110.82145058 97.53909876 
2.10000000 121.45983887 102.35921731 
2.20000000 132.57879049 107.17123675 
2.30000000 144.17743025 111.97480235 
2.40000000 156.25484795 116.76956187 
2.50000000 168.81009862 121.55516565 
2.60000000 181.84220279 126.33126671 
2.70000000 195.35014682 131.09752084 
2.80000000 209.33288315 135.85358668 
2.90000000 223.78933061 140.59912582 
3.00000000 238.71837474 145.33380286 
3.10000000 254.11886810 150.05728555 
3.20000000 269.98963061 154.76924479 
3.30000000 286.32944985 159.46935479 
3.40000000 303.13708146 164.15729309 
3.50000000 320.41124943 168.83274066 
3.60000000 338.15064649 173.49538197 
3.70000000 356.35393446 178.14490507 
3.80000000 375.01974463 182.78100165 
3.90000000 394.14667813 187.40336710 
4.00000000 413.73330632 192.01170059 
4.10000000 433.77817116 196.60570513 
4.20000000 454.27978563 201.18508761 
4.30000000 475.23663413 205.74955890 
4.40000000 496.64717284 210.29883387 
4.50000000 518.50983020 214.83263145 
4.60000000 540.82300729 219.35067469 
4.70000000 563.58507823 223.85269083 
4.80000000 586.79439066 228.33841129 
4.90000000 610.44926612 232.80757177 
5.00000000 634.54800052 237.25991226 
5.10000000 659.08886453 241.69517711 
5.20000000 684.07010410 246.11311503 
5.30000000 709.48994081 250.51347916 
5.40000000 735.34657240 254.89602708 
5.50000000 761.63817317 259.26052085 
5.60000000 788.36289445 263.60672704 
5.70000000 815.51886507 267.93441676 
5.80000000 843.10419178 272.24336568 
5.90000000 871.11695976 276.53335403 
6.00000000 899.55523304 280.80416668 
6.10000000 928.41705497 285.05559308 
6.20000000 957.70044872 289.28742733 
6.30000000 987.40341771 293.49946819 
6.40000000 1017.52394607 297.69151905 
6.50000000 1048.05999916 301.86338799 
6.60000000 1079.00952397 306.01488776 
6.70000000 1110.37044964 310.14583577 
6.80000000 1142.14068790 314.25605413 
6.90000000 1174.31813356 318.34536962 
7.00000000 1206.90066496 322.41361371 
7.10000000 1239.88614444 326.46062254 
7.20000000 1273.27241881 330.48623691 
7.30000000 1307.05731983 334.49030229 
7.40000000 1341.23866464 338.47266882 
7.50000000 1375.81425627 342.43319126 
7.60000000 1410.78188405 346.37172902 
7.70000000 1446.13932413 350.28814609 
7.80000000 1481.88433986 354.18231110 
7.90000000 1518.01468234 358.05409723 
8.00000000 1554.52809080 361.90338223 
8.10000000 1591.42229308 365.73004840 
8.20000000 1628.69500608 369.53398253 
8.30000000 1666.34393623 373.31507593 
8.40000000 1704.36677987 377.07322435 
8.50000000 1742.76122377 380.80832799 
8.60000000 1781.52494550 384.52029146 
8.70000000 1820.65561392 388.20902372 
8.80000000 1860.15088956 391.87443812 
8.90000000 1900.00842512 395.51645229 
9.00000000 1940.22586580 399.13498814 
9.10000000 1980.80084982 402.72997183 
9.20000000 2021.73100875 406.30133373 
9.30000000 2063.01396799 409.84900837 
9.40000000 2104.64734715 413.37293439 
9.50000000 2146.62876045 416.87305455 
9.60000000 2188.95581714 420.34931565 
9.70000000 2231.62612188 423.80166846 
9.80000000 2274.63727514 427.23006776 
9.90000000 2317.98687360 430.63447221 
10.00000000 2361.67251051 434.01484437 
10.10000000 2405.69177608 437.37115060 
10.20000000 2450.04225787 440.70336106 
10.30000000 2494.72154112 444.01144963 
10.40000000 2539.72720916 447.29539389 
10.50000000 2585.05684374 450.55517504 
10.60000000 2630.70802540 453.79077788 
10.70000000 2676.67833381 457.00219075 
10.80000000 2722.96534811 460.18940546 
10.90000000 2769.56664726 463.35241727 
11.00000000 2816.47981038 466.49122483 
11.10000000 2863.70241707 469.60583011 
11.20000000 2911.23204772 472.69623838 
11.30000000 2959.06628387 475.76245813 
11.40000000 3007.20270847 478.80450103 
11.50000000 3055.63890623 481.82238186 
11.60000000 3104.37246390 484.81611849 
11.70000000 3153.40097059 487.78573181 
11.80000000 3202.72201803 490.73124567 
11.90000000 3252.33320088 493.65268681 
12.00000000 3302.23211701 496.55008486 
12.10000000 3352.41636776 499.42347224 
12.20000000 3402.88355823 502.27288411 
12.30000000 3453.63129754 505.09835834 
12.40000000 3504.65719908 507.89993543 
12.50000000 3555.95888077 510.67765848 
12.60000000 3607.53396531 513.43157311 
12.70000000 3659.38008042 516.16172744 
12.80000000 3711.49485909 518.86817200 
12.90000000 3763.87593980 521.55095970 
13.00000000 3816.52096675 524.21014577 
13.10000000 3869.42759009 526.84578770 
13.20000000 3922.59346611 529.45794520 
13.30000000 3976.01625750 532.04668015 
13.40000000 4029.69363352 534.61205653 
13.50000000 4083.62327021 537.15414038 
13.60000000 4137.80285058 539.67299973 
13.70000000 4192.23006481 542.16870460 
13.80000000 4246.90261043 544.64132687 
13.90000000 4301.81819254 547.09094030 
14.00000000 4356.97452389 549.51762044 
14.10000000 4412.36932516 551.92144461 
14.20000000 4468.00032507 554.30249180 
14.30000000 4523.86526052 556.66084268 
14.40000000 4579.96187680 558.99657952 
14.50000000 4636.28792773 561.30978612 
14.60000000 4692.84117575 563.60054782 
14.70000000 4749.61939215 565.86895141 
14.80000000 4806.62035713 568.11508509 
14.90000000 4863.84185999 570.33903842 
15.00000000 4921.28169921 572.54090230 
15.10000000 4978.93768262 574.72076888 
15.20000000 5036.80762748 576.87873157 
15.30000000 5094.88936062 579.01488495 
15.40000000 5153.18071854 581.12932474 
15.50000000 5211.67954752 583.22214776 
15.60000000 5270.38370372 585.29345191 
15.70000000 5329.29105327 587.34333606 
15.80000000 5388.39947239 589.37190010 
15.90000000 5447.70684745 591.37924482 
16.00000000 5507.21107506 593.36547192 
16.10000000 5566.91006218 595.33068393 
16.20000000 5626.80172617 597.27498422 
16.30000000 5686.88399485 599.19847692 
16.40000000 5747.15480663 601.10126689 
16.50000000 5807.61211050 602.98345971 
16.60000000 5868.25386617 604.84516158 
16.70000000 5929.07804405 606.68647938 
16.80000000 5990.08262538 608.50752054 
16.90000000 6051.26560224 610.30839306 
17.00000000 6112.62497760 612.08920545 
17.10000000 6174.15876539 613.85006672 
17.20000000 6235.86499050 615.59108632 
17.30000000 6297.74168888 617.31237414 
17.40000000 6359.78690752 619.01404043 
17.50000000 6421.99870452 620.69619583 
17.60000000 6484.37514907 622.35895127 
17.70000000 6546.91432157 624.00241801 
17.80000000 6609.61431355 625.62670756 
17.90000000 6672.47322775 627.23193166 
18.00000000 6735.48917813 628.81820227 
18.10000000 6798.66028988 630.38563153 
18.20000000 6861.98469945 631.93433174 
18.30000000 6925.46055451 633.46441531 
18.40000000 6989.08601402 634.97599476 
18.50000000 7052.85924821 636.46918268 
18.60000000 7116.77843857 637.94409173 
18.70000000 7180.84177786 639.40083458 
18.80000000 7245.04747012 640.83952389 
18.90000000 7309.39373065 642.26027233 
19.00000000 7373.87878601 643.66319249 
19.10000000 7438.50087401 645.04839692 
19.20000000 7503.25824370 646.41599808 
19.30000000 7568.14915537 647.76610831 
19.40000000 7633.17188050 649.09883982 
19.50000000 7698.32470178 650.41430468 
19.60000000 7763.60591309 651.71261479 
19.70000000 7829.01381943 652.99388186 
19.80000000 7894.54673698 654.25821737 
19.90000000 7960.20299299 655.50573262 
20.00000000 8025.98092583 656.73653864 
20.10000000 8091.87888490 657.95074619 
20.20000000 8157.89523064 659.14846577 
20.30000000 8224.02833449 660.32980760 
20.40000000 8290.27657885 661.49488156 
20.50000000 8356.63835705 662.64379723 
20.60000000 8423.11207334 663.77666385 
20.70000000 8489.69614279 664.89359029 
20.80000000 8556.38899133 665.99468509 
20.90000000 8623.18905564 667.08005637 
21.00000000 8690.09478319 668.14981188 
21.10000000 8757.10463210 669.20405897 
21.20000000 8824.21707118 670.24290456 
21.30000000 8891.43057985 671.26645514 
21.40000000 8958.74364809 672.27481677 
21.50000000 9026.15477642 673.26809505 
21.60000000 9093.66247582 674.24639513 
21.70000000 9161.26526772 675.20982168 
21.80000000 9228.96168390 676.15847889 
21.90000000 9296.75026650 677.09247046 
22.00000000 9364.62956793 678.01189959 
22.10000000 9432.59815081 678.91686896 
22.20000000 9500.65458795 679.80748077 
22.30000000 9568.79746230 680.68383665 
22.40000000 9637.02536684 681.54603772 
22.50000000 9705.33690460 682.39418456 
22.60000000 9773.73068854 683.22837721 
22.70000000 9842.20534154 684.04871514 
22.80000000 9910.75949631 684.85529727 
22.90000000 9979.39179538 685.64822195 
23.00000000 10048.10089097 686.42758698 
23.10000000 10116.88544500 687.19348954 
23.20000000 10185.74412900 687.94602626 
23.30000000 10254.67562405 688.68529319 
23.40000000 10323.67862073 689.41138576 
23.50000000 10392.75181906 690.12439883 
23.60000000 10461.89392842 690.82442664 
23.70000000 10531.10366751 691.51156284 
23.80000000 10600.37976431 692.18590047 
23.90000000 10669.72095594 692.84753196 
24.00000000 10739.12598871 693.49654912 
24.10000000 10808.59361795 694.13304315 
24.20000000 10878.12260803 694.75710463 
24.30000000 10947.71173224 695.36882351 
24.40000000 11017.35977276 695.96828914 
24.50000000 11087.06552060 696.55559022 
24.60000000 11156.82777552 697.13081483 
24.70000000 11226.64534596 697.69405042 
24.80000000 11296.51704901 698.24538383 
24.90000000 11366.44171031 698.78490123 
25.00000000 11436.41816401 699.31268820 
25.10000000 11506.44525271 699.82882965 
25.20000000 11576.52182737 700.33340988 
25.30000000 11646.64674726 700.82651256 
25.40000000 11716.81887993 701.30822070 
25.50000000 11787.03710109 701.77861669 
25.60000000 11857.30029457 702.23778230 
25.70000000 11927.60735228 702.68579864 
25.80000000 11997.95717411 703.12274621 
25.90000000 12068.34866789 703.54870486 
26.00000000 12138.78074931 703.96375382 
26.10000000 12209.25234188 704.36797168 
26.20000000 12279.76237684 704.76143639 
26.30000000 12350.30979313 705.14422530 
26.40000000 12420.89353729 705.51641510 
26.50000000 12491.51256341 705.87808188 
26.60000000 12562.16583311 706.22930108 
26.70000000 12632.85231539 706.57014754 
26.80000000 12703.57098665 706.90069545 
26.90000000 12774.32083060 707.22101840 
27.00000000 12845.10083817 707.53118937 
27.10000000 12915.91000750 707.83128069 
27.20000000 12986.74734383 708.12136410 
27.30000000 13057.61185948 708.40151072 
27.40000000 13128.50257375 708.67179107 
27.50000000 13199.41851290 708.93227505 
27.60000000 13270.35871005 709.18303196 
27.70000000 13341.32220516 709.42413049 
27.80000000 13412.30804493 709.65563874 
27.90000000 13483.31528278 709.87762421 
28.00000000 13554.34297874 710.09015380 
28.10000000 13625.39019945 710.29329382 
28.20000000 13696.45601806 710.48710999 
28.30000000 13767.53951419 710.67166745 
28.40000000 13838.63977385 710.84703075 
28.50000000 13909.75588943 711.01326386 
28.60000000 13980.88695959 711.17043018 
28.70000000 14052.03208921 711.31859252 
28.80000000 14123.19038938 711.45781315 
28.90000000 14194.36097729 711.58815373 
29.00000000 14265.54297619 711.70967539 
29.10000000 14336.73551536 711.82243869 
29.20000000 14407.93773002 711.92650363 
29.30000000 14479.14876128 712.02192964 
29.40000000 14550.36775611 712.10877564 
29.50000000 14621.59386725 712.18709996 
29.60000000 14692.82625320 712.25696042 
29.70000000 14764.06407812 712.31841428 
29.80000000 14835.30651181 712.37151827 
29.90000000 14906.55272964 712.41632858 
30.00000000 14977.80191250 712.45290089 
30.10000000 15049.05324674 712.48129033 
30.20000000 15120.30592416 712.50155153 
30.30000000 15191.55914191 712.51373860 
30.40000000 15262.81210243 712.51790512 
30.50000000 15334.06401348 712.51410417 
30.60000000 15405.31408798 712.50238832 
30.70000000 15476.56154404 712.48280965 
30.80000000 15547.80560489 712.45541972 
30.90000000 15619.04549882 712.42026962 
31.00000000 15690.28045914 712.37740993 
31.10000000 15761.50972411 712.32689074 
31.20000000 15832.73253694 712.26876167 
31.30000000 15903.94814570 712.20307186 
31.40000000 15975.15580328 712.12986996 
31.50000000 16046.35476735 712.04920417 
31.60000000 16117.54430032 711.96112219 
31.70000000 16188.72366929 711.86567130 
31.80000000 16259.89214598 711.76289827 
31.90000000 16331.04900673 711.65284945 
32.00000000 16402.19353242 711.53557074 
32.10000000 16473.32500844 711.41110755 
32.20000000 16544.44272462 711.27950489 
32.30000000 16615.54597524 711.14080731 
32.40000000 16686.63405894 710.99505892 
32.50000000 16757.70627868 710.84230341 
32.60000000 16828.76194174 710.68258402 
32.70000000 16899.80035961 710.51594359 
32.80000000 16970.82084801 710.34242451 
32.90000000 17041.82272682 710.16206879 
33.00000000 17112.80532004 709.97491798 
33.10000000 17183.76795574 709.78101325 
33.20000000 17254.70996605 709.58039537 
33.30000000 17325.63068709 709.37310468 
33.40000000 17396.52945895 709.15918114 
33.50000000 17467.40562564 708.93866431 
33.60000000 17538.25853504 708.71159335 
33.70000000 17609.08753890 708.47800706 
33.80000000 17679.89199276 708.23794382 
33.90000000 17750.67125593 707.99144166 
34.00000000 17821.42469146 707.73853821 
34.10000000 17892.15166609 707.47927075 
34.20000000 17962.85155023 707.21367616 
34.30000000 18033.52371790 706.94179099 
34.40000000 18104.16754670 706.66365141 
34.50000000 18174.78241780 706.37929322 
34.60000000 18245.36771588 706.08875188 
34.70000000 18315.92282908 705.79206251 
34.80000000 18386.44714903 705.48925985 
34.90000000 18456.94007072 705.18037833 
35.00000000 18527.40099257 704.86545202 
35.10000000 18597.82931630 704.54451465 
35.20000000 18668.22444697 704.21759963 
35.30000000 18738.58579291 703.88474003 
35.40000000 18808.91276571 703.54596859 
35.50000000 18879.20478015 703.20131774 
35.60000000 18949.46125421 702.85081958 
35.70000000 19019.68160903 702.49450590 
35.80000000 19089.86526884 702.13240816 
35.90000000 19160.01166099 701.76455752 
36.00000000 19230.12021588 701.39098485 
36.10000000 19300.19036694 701.01172070 
36.20000000 19370.22155059 700.62679530 
36.30000000 19440.21320624 700.23623863 
36.40000000 19510.16477622 699.84008033 
36.50000000 19580.07570578 699.43834977 
36.60000000 19649.94544306 699.03107604 
36.70000000 19719.77343905 698.61828794 
36.80000000 19789.55914757 698.20001397 
36.90000000 19859.30202524 697.77628239 
37.00000000 19929.00153146 697.34712113 
37.10000000 19998.65712835 696.91255791 
37.20000000 20068.26828078 696.47262013 
37.30000000 20137.83445629 696.02733496 
37.40000000 20207.35512511 695.57672927 
37.50000000 20276.82976009 695.12082971 
37.60000000 20346.25783671 694.65966265 
37.70000000 20415.63883303 694.19325420 
37.80000000 20484.97222968 693.72163023 
37.90000000 20554.25750983 693.24481636 
38.00000000 20623.49415916 692.76283796 
38.10000000 20692.68166586 692.27572016 
38.20000000 20761.81952057 691.78348784 
38.30000000 20830.90721639 691.28616567 
38.40000000 20899.94424883 690.78377805 
38.50000000 20968.93011579 690.27634917 
38.60000000 21037.86431759 689.76390298 
38.70000000 21106.74635684 689.24646320 
38.80000000 21175.57573853 688.72405335 
38.90000000 21244.35196994 688.19669670 
39.00000000 21313.07456064 687.66441631 
39.10000000 21381.74302247 687.12723503 
39.20000000 21450.35686951 686.58517549 
39.30000000 21518.91561806 686.03826011 
39.40000000 21587.41878664 685.48651110 
39.50000000 21655.86589593 684.92995046 
39.60000000 21724.25646880 684.36860000 
39.70000000 21792.59003023 683.80248130 
39.80000000 21860.86610736 683.23161578 
39.90000000 21929.08422940 682.65602462 
40.00000000 21997.24392766 682.07572885 
40.10000000 22065.34473551 681.49074927 
40.20000000 22133.38618838 680.90110650 
40.30000000 22201.36782372 680.30682100 
40.40000000 22269.28918098 679.70791300 
40.50000000 22337.14980160 679.10440258 
40.60000000 22404.94922902 678.49630962 
40.70000000 22472.68700861 677.88365383 
40.80000000 22540.36268769 677.26645476 
40.90000000 22607.97581549 676.64473174 
41.00000000 22675.52594316 676.01850398 
41.10000000 22743.01262372 675.38779047 
41.20000000 22810.43541208 674.75261009 
41.30000000 22877.79386498 674.11298149 
41.40000000 22945.08754102 673.46892321 
41.50000000 23012.31600061 672.82045359 
41.60000000 23079.47880597 672.16759084 
41.70000000 23146.57552111 671.51035298 
41.80000000 23213.60571181 670.84875791 
41.90000000 23280.56894562 670.18282334 
42.00000000 23347.46479182 669.51256686 
42.10000000 23414.29282144 668.83800588 
42.20000000 23481.05260720 668.15915769 
42.30000000 23547.74372355 667.47603942 
42.40000000 23614.36574660 666.78866804 
42.50000000 23680.91825414 666.09706041 
42.60000000 23747.40082563 665.40123323 
42.70000000 23813.81304215 664.70120305 
42.80000000 23880.15448644 663.99698630 
42.90000000 23946.42474285 663.28859927 
43.00000000 24012.62339730 662.57605812 
43.10000000 24078.75003736 661.85937886 
43.20000000 24144.80425212 661.13857740 
43.30000000 24210.78563228 660.41366949 
43.40000000 24276.69377007 659.68467077 
43.50000000 24342.52825927 658.95159675 
43.60000000 24408.28869517 658.21446282 
43.70000000 24473.97467461 657.47328424 
43.80000000 24539.58579589 656.72807615 
43.90000000 24605.12165884 655.97885357 
44.00000000 24670.58186476 655.22563143 
44.10000000 24735.96601640 654.46842449 
44.20000000 24801.27371800 653.70724744 
44.30000000 24866.50457522 652.94211485 
44.40000000 24931.65819518 652.17304115 
44.50000000 24996.73418639 651.40004070 
44.60000000 25061.73215881 650.62312771 
44.70000000 25126.65172377 649.84231633 
44.80000000 25191.49249403 649.05762055 
44.90000000 25256.25408371 648.26905431 
45.00000000 25320.93610830 647.47663140 
45.10000000 25385.53818465 646.68036554 
45.20000000 25450.05993098 645.88027033 
45.30000000 25514.50096684 645.07635929 
45.40000000 25578.86091312 644.26864582 
45.50000000 25643.13939202 643.45714324 
45.60000000 25707.33602706 642.64186477 
45.70000000 25771.45044308 641.82282353 
45.80000000 25835.48226619 641.00003257 
45.90000000 25899.43112381 640.17350481 
46.00000000 25963.29664461 639.34325311 
46.10000000 26027.07845857 638.50929024 
46.20000000 26090.77619688 637.67162887 
46.30000000 26154.38949202 636.83028158 
46.40000000 26217.91797769 635.98526089 
46.50000000 26281.36128885 635.13657920 
46.60000000 26344.71906166 634.28424886 
46.70000000 26407.99093351 633.42828212 
46.80000000 26471.17654301 632.56869115 
46.90000000 26534.27552994 631.70548805 
47.00000000 26597.28753532 630.83868482 
47.10000000 26660.21220133 629.96829342 
47.20000000 26723.04917132 629.09432569 
47.30000000 26785.79808984 628.21679343 
47.40000000 26848.45860259 627.33570834 
47.50000000 26911.03035643 626.45108206 
47.60000000 26973.51299936 625.56292617 
47.70000000 27035.90618053 624.67125215 
47.80000000 27098.20955025 623.77607143 
47.90000000 27160.42275992 622.87739536 
48.00000000 27222.54546209 621.97523523 
48.10000000 27284.57731041 621.06960226 
48.20000000 27346.51795966 620.16050760 
48.30000000 27408.36706570 619.24796235 
48.40000000 27470.12428550 618.33197751 
48.50000000 27531.78927712 617.41256406 
48.60000000 27593.36169970 616.48973289 
48.70000000 27654.84121346 615.56349483 
48.80000000 27716.22747970 614.63386066 
48.90000000 27777.52016077 613.70084109 
49.00000000 27838.71892010 612.76444678 
49.10000000 27899.82342215 611.82468832 
49.20000000 27960.83333246 610.88157626 
49.30000000 28021.74831758 609.93512107 
49.40000000 28082.56804513 608.98533318 
49.50000000 28143.29218373 608.03222297 
49.60000000 28203.92040306 607.07580075 
49.70000000 28264.45237381 606.11607678 
49.80000000 28324.88776767 605.15306127 
49.90000000 28385.22625735 604.18676440 
50.00000000 28445.46751659 603.21719625 
50.10000000 28505.61122009 602.24436690 
50.20000000 28565.65704359 601.26828635 
50.30000000 28625.60466379 600.28896455 
50.40000000 28685.45375839 599.30641143 
50.50000000 28745.20400607 598.32063684 
50.60000000 28804.85508649 597.33165060 
50.70000000 28864.40668028 596.33946249 
50.80000000 28923.85846904 595.34408223 
50.90000000 28983.21013533 594.34551949 
51.00000000 29042.46136268 593.34378392 
51.10000000 29101.61183557 592.33888512 
51.20000000 29160.66123943 591.33083262 
51.30000000 29219.60926064 590.31963595 
51.40000000 29278.45558652 589.30530456 
51.50000000 29337.19990533 588.28784789 
51.60000000 29395.84190627 587.26727533 
51.70000000 29454.38127947 586.24359622 
51.80000000 29512.81771597 585.21681986 
51.90000000 29571.15090778 584.18695554 
52.00000000 29629.38054777 583.15401248 
52.10000000 29687.50632977 582.11799987 
52.20000000 29745.52794851 581.07892689 
52.30000000 29803.44509962 580.03680264 
52.40000000 29861.25747965 578.99163622 
52.50000000 29918.96478605 577.94343668 
52.60000000 29976.56671715 576.89221304 
52.70000000 30034.06297220 575.83797429 
52.80000000 30091.45325134 574.78072937 
52.90000000 30148.73725558 573.72048721 
53.00000000 30205.91468683 572.65725669 
53.10000000 30262.98524789 571.59104666 
53.20000000 30319.94864242 570.52186596 
53.30000000 30376.80457498 569.44972337 
53.40000000 30433.55275097 568.37462765 
53.50000000 30490.19287670 567.29658755 
53.60000000 30546.72465933 566.21561177 
53.70000000 30603.14780687 565.13170898 
53.80000000 30659.46202823 564.04488782 
53.90000000 30715.66703314 562.95515693 
54.00000000 30771.76253220 561.86252489 
54.10000000 30827.74823688 560.76700026 
54.20000000 30883.62385950 559.66859160 
54.30000000 30939.38911319 558.56730740 
54.40000000 30995.04371198 557.46315616 
54.50000000 31050.58737071 556.35614635 
54.60000000 31106.01980508 555.24628640 
54.70000000 31161.34073161 554.13358471 
54.80000000 31216.54986767 553.01804970 
54.90000000 31271.64693147 551.89968971 
55.00000000 31326.63164204 550.77851311 
55.10000000 31381.50371924 549.65452819 
55.20000000 31436.26288378 548.52774328 
55.30000000 31490.90885717 547.39816663 
55.40000000 31545.44136174 546.26580652 
55.50000000 31599.86012068 545.13067117 
55.60000000 31654.16485795 543.99276879 
55.70000000 31708.35529837 542.85210759 
55.80000000 31762.43116756 541.70869573 
55.90000000 31816.39219193 540.56254138 
56.00000000 31870.23809874 539.41365265 
56.10000000 31923.96861604 538.26203768 
56.20000000 31977.58347269 537.10770455 
56.30000000 32031.08239836 535.95066136 
56.40000000 32084.46512352 534.79091615 
56.50000000 32137.73137944 533.62847697 
56.60000000 32190.88089821 532.46335185 
56.70000000 32243.91341270 531.29554880 
56.80000000 32296.82865658 530.12507581 
56.90000000 32349.62636433 528.95194086 
57.00000000 32402.30627120 527.77615191 
57.10000000 32454.86811326 526.59771691 
57.20000000 32507.31162736 525.41664378 
57.30000000 32559.63655113 524.23294044 
57.40000000 32611.84262301 523.04661478 
57.50000000 32663.92958221 521.85767471 
57.60000000 32715.89716873 520.66612808 
57.70000000 32767.74512336 519.47198275 
57.80000000 32819.47318768 518.27524658 
57.90000000 32871.08110402 517.07592738 
58.00000000 32922.56861553 515.87403298 
58.10000000 32973.93546612 514.66957117 
58.20000000 33025.18140047 513.46254976 
58.30000000 33076.30616405 512.25297652 
58.40000000 33127.30950311 511.04085923 
58.50000000 33178.19116466 509.82620562 
58.60000000 33228.95089650 508.60902346 
58.70000000 33279.58844717 507.38932047 
58.80000000 33330.10356603 506.16710437 
58.90000000 33380.49600318 504.94238288 
59.00000000 33430.76550948 503.71516370 
59.10000000 33480.91183658 502.48545451 
59.20000000 33530.93473688 501.25326300 
59.30000000 33580.83396357 500.01859684 
59.40000000 33630.60927059 498.78146368 
59.50000000 33680.26041263 497.54187119 
59.60000000 33729.78714516 496.29982699 
59.70000000 33779.18922442 495.05533872 
59.80000000 33828.46640740 493.80841401 
59.90000000 33877.61845184 492.55906048 
60.00000000 33926.64511627 491.30728572 
60.10000000 33975.54615995 490.05309734 
60.20000000 34024.32134292 488.79650292 
60.30000000 34072.97042596 487.53751006 
60.40000000 34121.49317062 486.27612633 
60.50000000 34169.88933919 485.01235928 
60.60000000 34218.15869474 483.74621650 
60.70000000 34266.30100107 482.47770552 
60.80000000 34314.31602275 481.20683389 
60.90000000 34362.20352510 479.93360916 
61.00000000 34409.96327419 478.65803886 
61.10000000 34457.59503684 477.38013051 
61.20000000 34505.09858064 476.09989164 
61.30000000 34552.47367389 474.81732976 
61.40000000 34599.72008569 473.53245238 
61.50000000 34646.83758585 472.24526700 
61.60000000 34693.82594495 470.95578112 
61.70000000 34740.68493432 469.66400224 
61.80000000 34787.41432603 468.36993784 
61.90000000 34834.01389290 467.07359540 
62.00000000 34880.48340849 465.77498240 
62.10000000 34926.82264713 464.47410632 
62.20000000 34973.03138387 463.17097462 
62.30000000 35019.10939452 461.86559476 
62.40000000 35065.05645563 460.55797421 
62.50000000 35110.87234450 459.24812042 
62.60000000 35156.55683917 457.93604084 
62.70000000 35202.10971843 456.62174291 
62.80000000 35247.53076181 455.30523409 
62.90000000 35292.81974959 453.98652182 
63.00000000 35337.97646278 452.66561352 
63.10000000 35383.00068314 451.34251664 
63.20000000 35427.89219318 450.01723859 
63.30000000 35472.65077614 448.68978682 
63.40000000 35517.27621602 447.36016874 
63.50000000 35561.76829754 446.02839178 
63.60000000 35606.12680617 444.69446335 
63.70000000 35650.35152813 443.35839087 
63.80000000 35694.44225038 442.02018175 
63.90000000 35738.39876060 440.67984340 
64.00000000 35782.22084723 439.33738324 
64.10000000 35825.90829945 437.99280867 
64.20000000 35869.46090718 436.64612709 
64.30000000 35912.87846107 435.29734591 
64.40000000 35956.16075252 433.94647253 
64.50000000 35999.30757366 432.59351434 
64.60000000 36042.31871738 431.23847875 
64.70000000 36085.19397729 429.88137315 
64.80000000 36127.93314773 428.52220493 
64.90000000 36170.53602382 427.16098150 
65.00000000 36213.00240137 425.79771024 
65.10000000 36255.33207697 424.43239854 
65.20000000 36297.52484792 423.06505379 
65.30000000 36339.58051228 421.69568338 
65.40000000 36381.49886883 420.32429471 
65.50000000 36423.27971710 418.95089515 
65.60000000 36464.92285735 417.57549210 
65.70000000 36506.42809060 416.19809294 
65.80000000 36547.79521858 414.81870505 
65.90000000 36589.02404377 413.43733583 
66.00000000 36630.11436941 412.05399266 
66.10000000 36671.06599944 410.66868292 
66.20000000 36711.87873856 409.28141400 
66.30000000 36752.55239221 407.89219328 
66.40000000 36793.08676656 406.50102815 
66.50000000 36833.48166853 405.10792600 
66.60000000 36873.73690576 403.71289420 
66.70000000 36913.85228665 402.31594014 
66.80000000 36953.82762033 400.91707122 
66.90000000 36993.66271665 399.51629480 
67.00000000 37033.35738623 398.11361829 
67.10000000 37072.91144042 396.70904907 
67.20000000 37112.32469128 395.30259452 
67.30000000 37151.59695166 393.89426203 
67.40000000 37190.72803510 392.48405900 
67.50000000 37229.71775591 391.07199280 
67.60000000 37268.56592912 389.65807084 
67.70000000 37307.27237052 388.24230051 
67.80000000 37345.83689662 386.82468918 
67.90000000 37384.25932468 385.40524427 
68.00000000 37422.53947269 383.98397316 
68.10000000 37460.67715940 382.56088325 
68.20000000 37498.67220427 381.13598194 
68.30000000 37536.52442752 379.70927661 
68.40000000 37574.23365011 378.28077468 
68.50000000 37611.79969374 376.85048355 
68.60000000 37649.22238083 375.41841060 
68.70000000 37686.50153458 373.98456326 
68.80000000 37723.63697889 372.54894892 
68.90000000 37760.62853841 371.11157499 
69.00000000 37797.47603857 369.67244888 
69.10000000 37834.17930548 368.23157799 
69.20000000 37870.73816603 366.78896975 
69.30000000 37907.15244785 365.34463155 
69.40000000 37943.42197930 363.89857082 
69.50000000 37979.54658949 362.45079498 
69.60000000 38015.52610826 361.00131144 
69.70000000 38051.36036620 359.55012762 
69.80000000 38087.04919465 358.09725095 
69.90000000 38122.59242569 356.64268885 
70.00000000 38157.98989213 355.18644874 
70.10000000 38193.24142753 353.72853806 
70.20000000 38228.34686620 352.26896424 
70.30000000 38263.30604318 350.80773470 
70.40000000 38298.11879427 349.34485689 
70.50000000 38332.78495601 347.88033824 
70.60000000 38367.30436566 346.41418619 
70.70000000 38401.67686127 344.94640818 
70.80000000 38435.90228159 343.47701166 
70.90000000 38469.98046614 342.00600407 
71.00000000 38503.91125518 340.53339287 
71.10000000 38537.69448971 339.05918550 
71.20000000 38571.33001148 337.58338942 
71.30000000 38604.81766299 336.10601208 
71.40000000 38638.15728748 334.62706094 
71.50000000 38671.34872894 333.14654347 
71.60000000 38704.39183210 331.66446712 
71.70000000 38737.28644244 330.18083937 
71.80000000 38770.03240619 328.69566769 
71.90000000 38802.62957034 327.20895954 
72.00000000 38835.07778259 325.72072239 
72.10000000 38867.37689142 324.23096374 
72.20000000 38899.52674606 322.73969105 
72.30000000 38931.52719647 321.24691181 
72.40000000 38963.37809336 319.75263351 
72.50000000 38995.07928821 318.25686363 
72.60000000 39026.63063323 316.75960967 
72.70000000 39058.03198138 315.26087911 
72.80000000 39089.28318638 313.76067945 
72.90000000 39120.38410269 312.25901820 
73.00000000 39151.33458554 310.75590286 
73.10000000 39182.13449088 309.25134093 
73.20000000 39212.78367543 307.74533992 
73.30000000 39243.28199667 306.23790734 
73.40000000 39273.62931280 304.72905071 
73.50000000 39303.82548282 303.21877754 
73.60000000 39333.87036643 301.70709535 
73.70000000 39363.76382412 300.19401167 
73.80000000 39393.50571712 298.67953402 
73.90000000 39423.09590740 297.16366993 
74.00000000 39452.53425772 295.64642694 
74.10000000 39481.82063155 294.12781258 
74.20000000 39510.95489314 292.60783438 
74.30000000 39539.93690750 291.08649990 
74.40000000 39568.76654037 289.56381666 
74.50000000 39597.44365827 288.03979224 
74.60000000 39625.96812845 286.51443416 
74.70000000 39654.33981894 284.98774999 
74.80000000 39682.55859852 283.45974728 
74.90000000 39710.62433671 281.93043361 
75.00000000 39738.53690381 280.39981651 
75.10000000 39766.29617086 278.86790358 
75.20000000 39793.90200967 277.33470237 
75.30000000 39821.35429279 275.80022045 
75.40000000 39848.65289354 274.26446541 
75.50000000 39875.79768600 272.72744483 
75.60000000 39902.78854501 271.18916628 
75.70000000 39929.62534616 269.64963736 
75.80000000 39956.30796580 268.10886565 
75.90000000 39982.83632768 266.56732507 
now there are no S force 
76.00000000 40009.21071801 265.02896568 
76.10000000 40035.43195564 263.49621808 
76.20000000 40061.50109385 261.96984586 
76.30000000 40087.41875851 260.44978586 
76.40000000 40113.18556934 258.93597565 
76.50000000 40138.80213993 257.42835348 
76.60000000 40164.26907780 255.92685831 
76.70000000 40189.58698453 254.43142976 
76.80000000 40214.75645576 252.94200816 
76.90000000 40239.77808131 251.45853447 
77.00000000 40264.65244519 249.98095032 
77.10000000 40289.38012570 248.50919796 
77.20000000 40313.96169550 247.04322029 
77.30000000 40338.39772162 245.58296084 
77.40000000 40362.68876560 244.12836374 
77.50000000 40386.83538347 242.67937373 
77.60000000 40410.83812586 241.23593616 
77.70000000 40434.69753803 239.79799693 
77.80000000 40458.41415996 238.36550258 
77.90000000 40481.98852638 236.93840015 
78.00000000 40505.42116681 235.51663731 
78.10000000 40528.71260566 234.10016223 
78.20000000 40551.86336226 232.68892366 
78.30000000 40574.87395090 231.28287087 
78.40000000 40597.74488090 229.88195368 
78.50000000 40620.47665667 228.48612241 
78.60000000 40643.06977773 227.09532791 
78.70000000 40665.52473879 225.70952154 
78.80000000 40687.84202978 224.32865516 
78.90000000 40710.02213592 222.95268111 
79.00000000 40732.06553774 221.58155222 
79.10000000 40753.97271115 220.21522183 
79.20000000 40775.74412749 218.85364371 
79.30000000 40797.38025354 217.49677212 
79.40000000 40818.88155161 216.14456179 
79.50000000 40840.24847955 214.79696787 
79.60000000 40861.48149084 213.45394599 
79.70000000 40882.58103456 212.11545220 
79.80000000 40903.54755552 210.78144299 
79.90000000 40924.38149422 209.45187529 
80.00000000 40945.08328695 208.12670643 
80.10000000 40965.65336581 206.80589418 
80.20000000 40986.09215875 205.48939670 
80.30000000 41006.40008961 204.17717258 
80.40000000 41026.57757816 202.86918078 
80.50000000 41046.62504015 201.56538067 
80.60000000 41066.54288733 200.26573201 
80.70000000 41086.33152750 198.97019494 
80.80000000 41105.99136453 197.67872997 
80.90000000 41125.52279844 196.39129801 
81.00000000 41144.92622537 195.10786030 
81.10000000 41164.20203769 193.82837846 
81.20000000 41183.35062397 192.55281448 
81.30000000 41202.37236906 191.28113069 
81.40000000 41221.26765409 190.01328976 
81.50000000 41240.03685655 188.74925471 
81.60000000 41258.68035026 187.48898891 
81.70000000 41277.19850545 186.23245605 
81.80000000 41295.59168881 184.97962015 
81.90000000 41313.86026344 183.73044555 
82.00000000 41332.00458898 182.48489694 
82.10000000 41350.02502157 181.24293929 
82.20000000 41367.92191390 180.00453790 
82.30000000 41385.69561527 178.76965837 
82.40000000 41403.34647159 177.53826661 
82.50000000 41420.87482540 176.31032882 
82.60000000 41438.28101593 175.08581151 
82.70000000 41455.56537911 173.86468148 
82.80000000 41472.72824761 172.64690580 
82.90000000 41489.76995084 171.43245183 
83.00000000 41506.69081502 170.22128722 
83.10000000 41523.49116317 169.01337990 
83.20000000 41540.17131516 167.80869805 
83.30000000 41556.73158774 166.60721013 
83.40000000 41573.17229453 165.40888487 
83.50000000 41589.49374608 164.21369126 
83.60000000 41605.69624990 163.02159854 
83.70000000 41621.78011046 161.83257622 
83.80000000 41637.74562923 160.64659404 
83.90000000 41653.59310470 159.46362201 
84.00000000 41669.32283239 158.28363036 
84.10000000 41684.93510492 157.10658960 
84.20000000 41700.43021198 155.93247042 
84.30000000 41715.80844038 154.76124381 
84.40000000 41731.07007407 153.59288094 
84.50000000 41746.21539416 152.42735324 
84.60000000 41761.24467895 151.26463234 
84.70000000 41776.15820394 150.10469013 
84.80000000 41790.95624185 148.94749867 
84.90000000 41805.63906267 147.79303028 
85.00000000 41820.20693363 146.64125748 
85.10000000 41834.66011928 145.49215299 
85.20000000 41848.99888147 144.34568974 
85.30000000 41863.22347936 143.20184089 
85.40000000 41877.33416951 142.06057977 
85.50000000 41891.33120580 140.92187994 
85.60000000 41905.21483953 139.78571512 
85.70000000 41918.98531941 138.65205927 
85.80000000 41932.64289157 137.52088650 
85.90000000 41946.18779959 136.39217114 
86.00000000 41959.62028452 135.26588769 
86.10000000 41972.94058489 134.14201084 
86.20000000 41986.14893673 133.02051546 
86.30000000 41999.24557360 131.90137661 
86.40000000 42012.23072660 130.78456951 
86.50000000 42025.10462437 129.67006957 
86.60000000 42037.86749313 128.55785236 
86.70000000 42050.51955669 127.44789363 
86.80000000 42063.06103647 126.34016930 
86.90000000 42075.49215149 125.23465543 
87.00000000 42087.81311845 124.13132828 
87.10000000 42100.02415166 123.03016424 
87.20000000 42112.12546313 121.93113989 
87.30000000 42124.11726254 120.83423194 
87.40000000 42135.99975727 119.73941726 
87.50000000 42147.77315243 118.64667288 
87.60000000 42159.43765084 117.55597598 
87.70000000 42170.99345308 116.46730389 
87.80000000 42182.44075748 115.38063407 
87.90000000 42193.77976016 114.29594414 
88.00000000 42205.01065501 113.21321186 
88.10000000 42216.13363373 112.13241513 
88.20000000 42227.14888584 111.05353198 
88.30000000 42238.05659867 109.97654060 
88.40000000 42248.85695742 108.90141929 
88.50000000 42259.55014512 107.82814648 
88.60000000 42270.13634269 106.75670076 
88.70000000 42280.61572891 105.68706083 
88.80000000 42290.98848046 104.61920550 
88.90000000 42301.25477195 103.55311374 
89.00000000 42311.41477587 102.48876463 
89.10000000 42321.46866266 101.42613735 
89.20000000 42331.41660071 100.36521124 
89.30000000 42341.25875635 99.30596574 
89.40000000 42350.99529388 98.24838038 
89.50000000 42360.62637557 97.19243486 
89.60000000 42370.15216170 96.13810894 
89.70000000 42379.57281052 95.08538252 
89.80000000 42388.88847830 94.03423562 
89.90000000 42398.09931935 92.98464834 
90.00000000 42407.20548599 91.93660090 
90.10000000 42416.20712858 90.89007363 
90.20000000 42425.10439554 89.84504696 
90.30000000 42433.89743335 88.80150142 
90.40000000 42442.58638657 87.75941764 
90.50000000 42451.17139783 86.71877636 
90.60000000 42459.65260785 85.67955840 
90.70000000 42468.03015545 84.64174469 
90.80000000 42476.30417758 83.60531625 
90.90000000 42484.47480929 82.57025419 
91.00000000 42492.54218376 81.53653972 
91.10000000 42500.50643231 80.50415413 
91.20000000 42508.36768442 79.47307881 
91.30000000 42516.12606768 78.44329522 
91.40000000 42523.78170791 77.41478492 
91.50000000 42531.33472903 76.38752957 
91.60000000 42538.78525321 75.36151087 
91.70000000 42546.13340074 74.33671065 
91.80000000 42553.37929016 73.31311078 
91.90000000 42560.52303819 72.29069324 
92.00000000 42567.56475975 71.26944006 
92.10000000 42574.50456800 70.24933338 
92.20000000 42581.34257431 69.23035538 
92.30000000 42588.07888831 68.21248835 
92.40000000 42594.71361783 67.19571461 
92.50000000 42601.24686898 66.18001660 
92.60000000 42607.67874611 65.16537678 
92.70000000 42614.00935184 64.15177772 
92.80000000 42620.23878704 63.13920204 
92.90000000 42626.36715088 62.12763243 
93.00000000 42632.39454080 61.11705164 
93.10000000 42638.32105251 60.10744248 
93.20000000 42644.14678005 59.09878784 
93.30000000 42649.87181571 58.09107066 
93.40000000 42655.49625014 57.08427394 
93.50000000 42661.02017226 56.07838074 
93.60000000 42666.44366933 55.07337418 
93.70000000 42671.76682691 54.06923744 
93.80000000 42676.98972892 53.06595375 
93.90000000 42682.11245758 52.06350639 
94.00000000 42687.13509347 51.06187871 
94.10000000 42692.05771551 50.06105410 
94.20000000 42696.88040097 49.06101600 
94.30000000 42701.60322545 48.06174790 
94.40000000 42706.22626295 47.06323335 
94.50000000 42710.74958580 46.06545594 
94.60000000 42715.17326471 45.06839929 
94.70000000 42719.49736876 44.07204710 
94.80000000 42723.72196542 43.07638310 
94.90000000 42727.84712051 42.08139104 
95.00000000 42731.87289826 41.08705475 
95.10000000 42735.79936128 40.09335808 
95.20000000 42739.62657059 39.10028492 
95.30000000 42743.35458557 38.10781920 
95.40000000 42746.98346403 37.11594490 
95.50000000 42750.51326219 36.12464602 
95.60000000 42753.94403464 35.13390662 
95.70000000 42757.27583442 34.14371076 
95.80000000 42760.50871296 33.15404256 
95.90000000 42763.64272012 32.16488617 
96.00000000 42766.67790418 31.17622577 
96.10000000 42769.61431184 30.18804556 
96.20000000 42772.45198823 29.20032979 
96.30000000 42775.19097689 28.21306271 
96.40000000 42777.83131982 27.22622863 
96.50000000 42780.37305745 26.23981187 
96.60000000 42782.81622862 25.25379677 
96.70000000 42785.16087064 24.26816771 
96.80000000 42787.40701926 23.28290909 
96.90000000 42789.55470865 22.29800531 
97.00000000 42791.60397144 21.31344084 
97.10000000 42793.55483872 20.32920012 
97.20000000 42795.40734001 19.34526764 
97.30000000 42797.16150329 18.36162789 
97.40000000 42798.81735500 17.37826541 
97.50000000 42800.37492003 16.39516472 
97.60000000 42801.83422171 15.41231037 
97.70000000 42803.19528187 14.42968693 
97.80000000 42804.45812074 13.44727898 
97.90000000 42805.62275707 12.46507112 
98.00000000 42806.68920803 11.48304794 
98.10000000 42807.65748928 10.50119407 
98.20000000 42808.52761491 9.51949413 
98.30000000 42809.29959752 8.53793276 
98.40000000 42809.97344813 7.55649460 
98.50000000 42810.54917626 6.57516430 
98.60000000 42811.02678988 5.59392651 
98.70000000 42811.40629542 4.61276592 
98.80000000 42811.68769780 3.63166716 
98.90000000 42811.87100038 2.65061493 
99.00000000 42811.95620502 1.66959389 
99.10000000 42811.94331201 0.68858872 
99.20000000 42811.83232014 -0.29241592 
99.30000000 42811.62322665 -1.27343534 
99.40000000 42811.31602725 -2.25448487 
99.50000000 42810.91071612 -3.23557985 
99.60000000 42810.40728590 -4.21673560 
99.70000000 42809.80572771 -5.19796746 
99.80000000 42809.10603112 -6.17929078 
99.90000000 42808.30818418 -7.16072090 
100.00000000 42807.41217338 -8.14227318 
100.10000000 42806.41798371 -9.12396298 
100.20000000 42805.32559857 -10.10580568 
100.30000000 42804.13499988 -11.08781665 
100.40000000 42802.84616798 -12.07001130 
100.50000000 42801.45908168 -13.05240503 
100.60000000 42799.97371824 -14.03501325 
100.70000000 42798.39005339 -15.01785140 
100.80000000 42796.70806130 -16.00093493 
100.90000000 42794.92771461 -16.98427931 
101.00000000 42793.04898439 -17.96790000 
101.10000000 42791.07184017 -18.95181252 
101.20000000 42788.99624992 -19.93603237 
101.30000000 42786.82218007 -20.92057510 
101.40000000 42784.54959548 -21.90545626 
101.50000000 42782.17845945 -22.89069142 
101.60000000 42779.70873373 -23.87629621 
101.70000000 42777.14037847 -24.86228623 
101.80000000 42774.47335231 -25.84867714 
101.90000000 42771.70761227 -26.83548462 
102.00000000 42768.84311383 -27.82272437 
102.10000000 42765.87981087 -28.81041212 
102.20000000 42762.81765571 -29.79856363 
102.30000000 42759.65659909 -30.78719468 
102.40000000 42756.39659014 -31.77632111 
102.50000000 42753.03757643 -32.76595876 
102.60000000 42749.57950393 -33.75612352 
102.70000000 42746.02231701 -34.74683131 
102.80000000 42742.36595844 -35.73809807 
102.90000000 42738.61036941 -36.72993981 
103.00000000 42734.75548948 -37.72237255 
103.10000000 42730.80125661 -38.71541234 
103.20000000 42726.74760714 -39.70907531 
103.30000000 42722.59447581 -40.70337758 
103.40000000 42718.34179571 -41.69833535 
103.50000000 42713.98949832 -42.69396485 
103.60000000 42709.53751351 -43.69028235 
103.70000000 42704.98576947 -44.68730415 
103.80000000 42700.33419278 -45.68504664 
103.90000000 42695.58270838 -46.68352620 
104.00000000 42690.73123954 -47.68275931 
104.10000000 42685.77970788 -48.68276246 
104.20000000 42680.72803337 -49.68355221 
104.30000000 42675.57613432 -50.68514517 
104.40000000 42670.32392734 -51.68755799 
104.50000000 42664.97132741 -52.69080739 
104.60000000 42659.51824778 -53.69491014 
104.70000000 42653.96460005 -54.69988306 
104.80000000 42648.31029412 -55.70574302 
104.90000000 42642.55523817 -56.71250697 
105.00000000 42636.69933870 -57.72019190 
105.10000000 42630.74250049 -58.72881488 
105.20000000 42624.68462660 -59.73839301 
105.30000000 42618.52561838 -60.74894348 
105.40000000 42612.26537543 -61.76048354 
105.50000000 42605.90379563 -62.77303050 
105.60000000 42599.44077510 -63.78660174 
105.70000000 42592.87620824 -64.80121471 
105.80000000 42586.20998766 -65.81688691 
105.90000000 42579.44200422 -66.83363594 
106.00000000 42572.57214701 -67.85147944 
106.10000000 42565.60030334 -68.87043516 
106.20000000 42558.52635873 -69.89052090 
106.30000000 42551.35019690 -70.91175453 
106.40000000 42544.07169979 -71.93415401 
106.50000000 42536.69074752 -72.95773737 
106.60000000 42529.20721837 -73.98252273 
106.70000000 42521.62098883 -75.00852829 
106.80000000 42513.93193352 -76.03577232 
106.90000000 42506.13992525 -77.06427318 
107.00000000 42498.24483497 -78.09404931 
107.10000000 42490.24653174 -79.12511926 
107.20000000 42482.14488280 -80.15750163 
107.30000000 42473.93975346 -81.19121513 
107.40000000 42465.63100719 -82.22627857 
107.50000000 42457.21850554 -83.26271084 
107.60000000 42448.70210815 -84.30053091 
107.70000000 42440.08167275 -85.33975788 
107.80000000 42431.35705515 -86.38041091 
107.90000000 42422.52810922 -87.42250928 
108.00000000 42413.59468688 -88.46607236 
108.10000000 42404.55663810 -89.51111963 
108.20000000 42395.41381088 -90.55767067 
108.30000000 42386.16605125 -91.60574515 
108.40000000 42376.81320325 -92.65536287 
108.50000000 42367.35510892 -93.70654371 
108.60000000 42357.79160828 -94.75930769 
108.70000000 42348.12253935 -95.81367491 
108.80000000 42338.34773811 -96.86966560 
108.90000000 42328.46703849 -97.92730010 
109.00000000 42318.48027238 -98.98659886 
109.10000000 42308.38726958 -100.04758247 
109.20000000 42298.18785783 -101.11027161 
109.30000000 42287.88186278 -102.17468709 
109.40000000 42277.46910796 -103.24084985 
109.50000000 42266.94941480 -104.30878094 
109.60000000 42256.32260260 -105.37850156 
109.70000000 42245.58848850 -106.45003302 
109.80000000 42234.74688750 -107.52339676 
109.90000000 42223.79761244 -108.59861435 
110.00000000 42212.74047396 -109.67570751 
110.10000000 42201.57528051 -110.75469806 
110.20000000 42190.30183835 -111.83560801 
110.30000000 42178.91995148 -112.91845946 
110.40000000 42167.42942170 -114.00327468 
110.50000000 42155.83004852 -115.09007607 
110.60000000 42144.12162922 -116.17888618 
110.70000000 42132.30395878 -117.26972771 
110.80000000 42120.37682988 -118.36262350 
110.90000000 42108.34003290 -119.45759655 
111.00000000 42096.19335587 -120.55467001 
111.10000000 42083.93658451 -121.65386719 
111.20000000 42071.56950215 -122.75521155 
111.30000000 42059.09188976 -123.85872671 
111.40000000 42046.50352591 -124.96443647 
111.50000000 42033.80418678 -126.07236476 
111.60000000 42020.99364611 -127.18253571 
111.70000000 42008.07167518 -128.29497361 
111.80000000 41995.03804285 -129.40970290 
111.90000000 41981.89251547 -130.52674823 
112.00000000 41968.63485691 -131.64613440 
112.10000000 41955.26482853 -132.76788639 
112.20000000 41941.78218914 -133.89202937 
112.30000000 41928.18669502 -135.01858869 
112.40000000 41914.47809987 -136.14758988 
112.50000000 41900.65615481 -137.27905867 
112.60000000 41886.72060834 -138.41302097 
112.70000000 41872.67120635 -139.54950290 
112.80000000 41858.50769208 -140.68853074 
112.90000000 41844.22980608 -141.83013101 
113.00000000 41829.83728625 -142.97433042 
113.10000000 41815.32986776 -144.12115586 
113.20000000 41800.70728304 -145.27063446 
113.30000000 41785.96926181 -146.42279354 
113.40000000 41771.11553098 -147.57766065 
113.50000000 41756.14581469 -148.73526352 
113.60000000 41741.05983425 -149.89563014 
113.70000000 41725.85730813 -151.05878870 
113.80000000 41710.53795197 -152.22476762 
113.90000000 41695.10147849 -153.39359555 
114.00000000 41679.54759752 -154.56530136 
114.10000000 41663.87601596 -155.73991416 
114.20000000 41648.08643776 -156.91746330 
114.30000000 41632.17856388 -158.09797836 
114.40000000 41616.15209228 -159.28148919 
114.50000000 41600.00671790 -160.46802586 
114.60000000 41583.74213262 -161.65761868 
114.70000000 41567.35802525 -162.85029826 
114.80000000 41550.85408147 -164.04609542 
114.90000000 41534.22998385 -165.24504127 
115.00000000 41517.48541181 -166.44716716 
115.10000000 41500.62004157 -167.65250474 
115.20000000 41483.63354613 -168.86108589 
115.30000000 41466.52559528 -170.07294280 
115.40000000 41449.29585550 -171.28810793 
115.50000000 41431.94399001 -172.50661401 
115.60000000 41414.46965868 -173.72849407 
115.70000000 41396.87251803 -174.95378142 
115.80000000 41379.15222122 -176.18250968 
115.90000000 41361.30841795 -177.41471275 
116.00000000 41343.34075451 -178.65042484 
116.10000000 41325.24887369 -179.88968047 
116.20000000 41307.03241479 -181.13251447 
116.30000000 41288.69101357 -182.37896198 
116.40000000 41270.22430219 -183.62905847 
116.50000000 41251.63190924 -184.88283973 
116.60000000 41232.91345964 -186.14034186 
116.70000000 41214.06857467 -187.40160132 
116.80000000 41195.09687188 -188.66665489 
116.90000000 41175.99796508 -189.93553971 
117.00000000 41156.77146432 -191.20829325 
117.10000000 41137.41697582 -192.48495333 
117.20000000 41117.93410196 -193.76555815 
117.30000000 41098.32244125 -195.05014625 
117.40000000 41078.58158825 -196.33875654 
117.50000000 41058.71113358 -197.63142830 
117.60000000 41038.71066387 -198.92820121 
117.70000000 41018.57976168 -200.22911531 
117.80000000 40998.31800554 -201.53421103 
117.90000000 40977.92496983 -202.84352919 
118.00000000 40957.40022479 -204.15711103 
118.10000000 40936.74333646 -205.47499817 
118.20000000 40915.95386664 -206.79723266 
118.30000000 40895.03137286 -208.12385695 
118.40000000 40873.97540832 -209.45491393 
118.50000000 40852.78552185 -210.79044690 
118.60000000 40831.46125788 -212.13049960 
118.70000000 40810.00215638 -213.47511622 
118.80000000 40788.40775282 -214.82434138 
118.90000000 40766.67757813 -216.17822018 
119.00000000 40744.81115864 -217.53679814 
119.10000000 40722.80801604 -218.90012129 
119.20000000 40700.66766734 -220.26823610 
119.30000000 40678.38962482 -221.64118954 
119.40000000 40655.97339596 -223.01902905 
119.50000000 40633.41848342 -224.40180258 
119.60000000 40610.72438495 -225.78955857 
119.70000000 40587.89059340 -227.18234599 
119.80000000 40564.91659660 -228.58021428 
119.90000000 40541.80187735 -229.98321346 
120.00000000 40518.54591336 -231.39139405 
120.10000000 40495.14817717 -232.80480710 
120.20000000 40471.60813613 -234.22350423 
120.30000000 40447.92525233 -235.64753760 
120.40000000 40424.09898253 -237.07695994 
120.50000000 40400.12877812 -238.51182457 
120.60000000 40376.01408505 -239.95218534 
120.70000000 40351.75434378 -241.39809674 
120.80000000 40327.34898922 -242.84961384 
120.90000000 40302.79745064 -244.30679230 
121.00000000 40278.09915165 -245.76968843 
121.10000000 40253.25351012 -247.23835913 
121.20000000 40228.25993809 -248.71286195 
121.30000000 40203.11784176 -250.19325510 
121.40000000 40177.82662136 -251.67959741 
121.50000000 40152.38567115 -253.17194841 
121.60000000 40126.79437927 -254.67036827 
121.70000000 40101.05212776 -256.17491787 
121.80000000 40075.15829242 -257.68565878 
121.90000000 40049.11224277 -259.20265327 
122.00000000 40022.91334199 -260.72596432 
122.10000000 39996.56094681 -262.25565565 
122.20000000 39970.05440746 -263.79179172 
122.30000000 39943.39306758 -265.33443773 
122.40000000 39916.57626417 -266.88365965 
122.50000000 39889.60332747 -268.43952421 
122.60000000 39862.47358093 -270.00209895 
122.70000000 39835.18634107 -271.57145218 
122.80000000 39807.74091745 -273.14765305 
122.90000000 39780.13661258 -274.73077152 
123.00000000 39752.37272178 -276.32087837 
123.10000000 39724.44853318 -277.91804527 
123.20000000 39696.36332756 -279.52234471 
123.30000000 39668.11637830 -281.13385008 
123.40000000 39639.70695129 -282.75263567 
123.50000000 39611.13430480 -284.37877666 
123.60000000 39582.39768943 -286.01234916 
123.70000000 39553.49634801 -287.65343019 
123.80000000 39524.42951549 -289.30209777 
123.90000000 39495.19641881 -290.95843083 
124.00000000 39465.79627689 -292.62250932 
124.10000000 39436.22830044 -294.29441418 
124.20000000 39406.49169190 -295.97422735 
124.30000000 39376.58564533 -297.66203182 
124.40000000 39346.50934630 -299.35791161 
124.50000000 39316.26197179 -301.06195181 
124.60000000 39285.84269006 -302.77423861 
124.70000000 39255.25066057 -304.49485927 
124.80000000 39224.48503383 -306.22390219 
124.90000000 39193.54495132 -307.96145691 
125.00000000 39162.42954535 -309.70761411 
125.10000000 39131.13793894 -311.46246567 
125.20000000 39099.66924573 -313.22610463 
125.30000000 39068.02256980 -314.99862529 
125.40000000 39036.19700561 -316.78012315 
125.50000000 39004.19163780 -318.57069499 
125.60000000 38972.00554115 -320.37043887 
125.70000000 38939.63778036 -322.17945414 
125.80000000 38907.08740996 -323.99784149 
125.90000000 38874.35347419 -325.82570293 
126.00000000 38841.43500680 -327.66314186 
126.10000000 38808.33103098 -329.51026309 
126.20000000 38775.04055918 -331.36717281 
126.30000000 38741.56259294 -333.23397869 
126.40000000 38707.89612280 -335.11078984 
126.50000000 38674.04012810 -336.99771689 
126.60000000 38639.99357684 -338.89487197 
126.70000000 38605.75542554 -340.80236877 
126.80000000 38571.32461904 -342.72032256 
126.90000000 38536.70009038 -344.64885020 
127.00000000 38501.88076062 -346.58807020 
127.10000000 38466.86553866 -348.53810270 
127.20000000 38431.65332107 -350.49906958 
127.30000000 38396.24299195 -352.47109440 
127.40000000 38360.63342268 -354.45430250 
127.50000000 38324.82347182 -356.44882100 
127.60000000 38288.81198488 -358.45477882 
127.70000000 38252.59779412 -360.47230677 
127.80000000 38216.17971841 -362.50153751 
127.90000000 38179.55656298 -364.54260563 
128.00000000 38142.72711924 -366.59564771 
128.10000000 38105.69016462 -368.66080227 
128.20000000 38068.44446228 -370.73820990 
128.30000000 38030.98876098 -372.82801324 
128.40000000 37993.32179482 -374.93035705 
128.50000000 37955.44228304 -377.04538823 
128.60000000 37917.34892978 -379.17325588 
128.70000000 37879.04042389 -381.31411130 
128.80000000 37840.51543865 -383.46810810 
128.90000000 37801.77263157 -385.63540219 
129.00000000 37762.81064414 -387.81615184 
129.10000000 37723.62810160 -390.01051772 
129.20000000 37684.22361266 -392.21866297 
129.30000000 37644.59576926 -394.44075322 
129.40000000 37604.74314634 -396.67695666 
129.50000000 37564.66430151 -398.92744406 
129.60000000 37524.35777485 -401.19238888 
129.70000000 37483.82208860 -403.47196724 
129.80000000 37443.05574689 -405.76635804 
129.90000000 37402.05723543 -408.07574301 
130.00000000 37360.82502126 -410.40030670 
130.10000000 37319.35755243 -412.74023665 
130.20000000 37277.65325768 -415.09572333 
130.30000000 37235.71054617 -417.46696029 
130.40000000 37193.52780712 -419.85414418 
130.50000000 37151.10340952 -422.25747481 
130.60000000 37108.43570180 -424.67715526 
130.70000000 37065.52301148 -427.11339187 
130.80000000 37022.36364483 -429.56639439 
130.90000000 36978.95588651 -432.03637599 
131.00000000 36935.29799924 -434.52355335 
131.10000000 36891.38822343 -437.02814677 
131.20000000 36847.22477678 -439.55038018 
131.30000000 36802.80585392 -442.09048127 
131.40000000 36758.12962602 -444.64868153 
131.50000000 36713.19424041 -447.22521636 
131.60000000 36667.99782014 -449.82032516 
131.70000000 36622.53846358 -452.43425138 
131.80000000 36576.81424401 -455.06724264 
131.90000000 36530.82320918 -457.71955080 
132.00000000 36484.56338086 -460.39143205 
132.10000000 36438.03275440 -463.08314705 
132.20000000 36391.22929828 -465.79496096 
132.30000000 36344.15095359 -468.52714357 
132.40000000 36296.79563361 -471.27996944 
132.50000000 36249.16122329 -474.05371793 
132.60000000 36201.24557871 -476.84867338 
132.70000000 36153.04652666 -479.66512516 
132.80000000 36104.56186399 -482.50336783 
132.90000000 36055.78935719 -485.36370125 
133.00000000 36006.72674176 -488.24643067 
133.10000000 35957.37172167 -491.15186688 
133.20000000 35907.72196880 -494.08032633 
133.30000000 35857.77512231 -497.03213128 
133.40000000 35807.52878809 -500.00760988 
133.50000000 35756.98053811 -503.00709639 
133.60000000 35706.12790977 -506.03093123 
133.70000000 35654.96840531 -509.07946119 
133.80000000 35603.49949109 -512.15303957 
133.90000000 35551.71859695 -515.25202632 
134.00000000 35499.62311549 -518.37678819 
134.10000000 35447.21040138 -521.52769891 
134.20000000 35394.47777062 -524.70513938 
134.30000000 35341.42249979 -527.90949778 
134.40000000 35288.04182532 -531.14116981 
134.50000000 35234.33294265 -534.40055883 
134.60000000 35180.29300548 -537.68807609 
134.70000000 35125.91912492 -541.00414087 
134.80000000 35071.20836866 -544.34918074 
134.90000000 35016.15776009 -547.72363169 
135.00000000 34960.76427746 -551.12793844 
135.10000000 34905.02485291 -554.56255457 
135.20000000 34848.93637159 -558.02794278 
135.30000000 34792.49567068 -561.52457513 
135.40000000 34735.69953841 -565.05293328 
135.50000000 34678.54471310 -568.61350870 
135.60000000 34621.02788206 -572.20680297 
135.70000000 34563.14568059 -575.83332800 
135.80000000 34504.89469088 -579.49360634 
135.90000000 34446.27144088 -583.18817142 
136.00000000 34387.27240320 -586.91756788 
136.10000000 34327.89399388 -590.68235182 
136.20000000 34268.13257125 -594.48309114 
136.30000000 34207.98443465 -598.32036582 
136.40000000 34147.44582315 -602.19476829 
136.50000000 34086.51291432 -606.10690374 
136.60000000 34025.18182280 -610.05739046 
136.70000000 33963.44859900 -614.04686023 
136.80000000 33901.30922761 -618.07595864 
136.90000000 33838.75962624 -622.14534553 
137.00000000 33775.79564385 -626.25569535 
137.10000000 33712.41305923 -630.40769757 
137.20000000 33648.60757945 -634.60205710 
137.30000000 33584.37483822 -638.83949477 
137.40000000 33519.71039421 -643.12074770 
137.50000000 33454.60972935 -647.44656986 
137.60000000 33389.06824705 -651.81773248 
137.70000000 33323.08127037 -656.23502458 
137.80000000 33256.64404019 -660.69925350 
137.90000000 33189.75171324 -665.21124540 
138.00000000 33122.39936012 -669.77184587 
138.10000000 33054.58196330 -674.38192043 
138.20000000 32986.29441496 -679.04235521 
138.30000000 32917.53151486 -683.75405747 
138.40000000 32848.28796807 -688.51795635 
138.50000000 32778.55838273 -693.33500342 
138.60000000 32708.33726762 -698.20617347 
138.70000000 32637.61902973 -703.13246512 
138.80000000 32566.39797175 -708.11490166 
138.90000000 32494.66828948 -713.15453173 
139.00000000 32422.42406910 -718.25243017 
139.10000000 32349.65928449 -723.40969882 
139.20000000 32276.36779426 -728.62746738 
139.30000000 32202.54333892 -733.90689429 
139.40000000 32128.17953775 -739.24916769 
139.50000000 32053.26988573 -744.65550632 
139.60000000 31977.80775023 -750.12716058 
139.70000000 31901.78636772 -755.66541351 
139.80000000 31825.19884028 -761.27158191 
139.90000000 31748.03813203 -766.94701743 
140.00000000 31670.29706542 -772.69310774 
140.10000000 31591.96831746 -778.51127777 
140.20000000 31513.04441570 -784.40299091 
140.30000000 31433.51773421 -790.36975040 
140.40000000 31353.38048930 -796.41310064 
140.50000000 31272.62473517 -802.53462863 
140.60000000 31191.24235942 -808.73596545 
140.70000000 31109.22507828 -815.01878781 
140.80000000 31026.56443185 -821.38481968 
140.90000000 30943.25177900 -827.83583393 
141.00000000 30859.27829222 -834.37365410 
141.10000000 30774.63495218 -841.00015624 
141.20000000 30689.31254217 -847.71727081 
141.30000000 30603.30164230 -854.52698467 
141.40000000 30516.59262346 -861.43134315 
141.50000000 30429.17564112 -868.43245225 
141.60000000 30341.04062882 -875.53248088 
141.70000000 30252.17729148 -882.73366325 
141.80000000 30162.57509843 -890.03830137 
141.90000000 30072.22327614 -897.44876759 
142.00000000 29981.11080070 -904.96750740 
142.10000000 29889.22639005 -912.59704219 
142.20000000 29796.55849577 -920.33997229 
142.30000000 29703.09529470 -928.19898004 
142.40000000 29608.82468014 -936.17683312 
142.50000000 29513.73425267 -944.27638792 
142.60000000 29417.81131067 -952.50059315 
142.70000000 29321.04284039 -960.85249362 
142.80000000 29223.41550568 -969.33523421 
142.90000000 29124.91563717 -977.95206397 
143.00000000 29025.52922114 -986.70634054 
143.10000000 28925.24188778 -995.60153472 
143.20000000 28824.03889908 -1004.64123526 
143.30000000 28721.90513609 -1013.82915396 
143.40000000 28618.82508565 -1023.16913099 
143.50000000 28514.78282659 -1032.66514051 
143.60000000 28409.76201526 -1042.32129654 
143.70000000 28303.74587043 -1052.14185926 
143.80000000 28196.71715750 -1062.13124150 
143.90000000 28088.65817201 -1072.29401570 
144.00000000 27979.55072237 -1082.63492119 
144.10000000 27869.37611184 -1093.15887191 
144.20000000 27758.11511953 -1103.87096451 
144.30000000 27645.74798069 -1114.77648702 
144.40000000 27532.25436590 -1125.88092784 
144.50000000 27417.61335935 -1137.18998543 
144.60000000 27301.80343601 -1148.70957844 
144.70000000 27184.80243767 -1160.44585649 
144.80000000 27066.58754789 -1172.40521157 
144.90000000 26947.13526553 -1184.59429013 
145.00000000 26826.42137708 -1197.02000593 
145.10000000 26704.42092746 -1209.68955361 
145.20000000 26581.10818943 -1222.61042315 
145.30000000 26456.45663128 -1235.79041524 
145.40000000 26330.43888288 -1249.23765761 
145.50000000 26203.02669987 -1262.96062235 
145.60000000 26074.19092598 -1276.96814444 
145.70000000 25943.90145324 -1291.26944144 
145.80000000 25812.12717997 -1305.87413444 
145.90000000 25678.83596650 -1320.79227050 
146.00000000 25543.99458829 -1336.03434654 
146.10000000 25407.56868647 -1351.61133484 
146.20000000 25269.52271544 -1367.53471040 
146.30000000 25129.81988745 -1383.81648008 
146.40000000 24988.42211386 -1400.46921391 
146.50000000 24845.28994290 -1417.50607860 
146.60000000 24700.38249366 -1434.94087343 
146.70000000 24553.65738602 -1452.78806886 
146.80000000 24405.07066620 -1471.06284796 
146.90000000 24254.57672765 -1489.78115090 
147.00000000 24102.12822686 -1508.95972297 
147.10000000 23947.67599376 -1528.61616616 
147.20000000 23791.16893622 -1548.76899483 
147.30000000 23632.55393823 -1569.43769583 
147.40000000 23471.77575120 -1590.64279334 
147.50000000 23308.77687790 -1612.40591913 
147.60000000 23143.49744833 -1634.74988848 
147.70000000 22975.87508684 -1657.69878252 
147.80000000 22805.84476989 -1681.27803757 
147.90000000 22633.33867349 -1705.51454215 
148.00000000 22458.28600939 -1730.43674247 
148.10000000 22280.61284926 -1756.07475726 
148.20000000 22100.24193536 -1782.46050299 
148.30000000 21917.09247693 -1809.62783049 
148.40000000 21731.07993049 -1837.61267427 
148.50000000 21542.11576295 -1866.45321599 
148.60000000 21350.10719551 -1896.19006347 
148.70000000 21154.95692669 -1926.86644731 
148.80000000 20956.56283232 -1958.52843689 
148.90000000 20754.81764014 -1991.22517815 
149.00000000 20549.60857640 -2025.00915584 
149.10000000 20340.81698153 -2059.93648300 
149.20000000 20128.31789146 -2096.06722133 
149.30000000 19911.97958103 -2133.46573614 
149.40000000 19691.66306510 -2172.20109046 
149.50000000 19467.22155259 -2212.34748338 
149.60000000 19238.49984806 -2253.98473857 
149.70000000 19005.33369470 -2297.19884990 
149.80000000 18767.54905148 -2342.08259199 
149.90000000 18524.96129656 -2388.73620499 
150.00000000 18277.37434766 -2437.26816440 
150.10000000 18024.57968872 -2487.79604845 
150.20000000 17766.35529055 -2540.44751795 
150.30000000 17502.46441143 -2595.36142591 
150.40000000 17232.65426098 -2652.68907767 
150.50000000 16956.65450829 -2712.59566577 
150.60000000 16674.17561189 -2775.26190881 
150.70000000 16384.90694528 -2840.88592891 
150.80000000 16088.51468722 -2909.68540959 
150.90000000 15784.63944022 -2981.90008417 
151.00000000 15472.89353411 -3057.79461570 
151.10000000 15152.85796303 -3137.66194237 
151.20000000 14824.07889437 -3221.82717900 
151.30000000 14486.06367534 -3310.65218586 
151.40000000 14138.27624778 -3404.54094256 
151.50000000 13780.13186221 -3503.94589799 
151.60000000 13410.99095832 -3609.37551056 
151.70000000 13030.15204826 -3721.40324859 
151.80000000 12636.84340062 -3840.67839296 
151.90000000 12230.21327318 -3967.93907963 
152.00000000 11809.31837840 -4104.02814551 
152.10000000 11373.11018223 -4249.91251026 
152.20000000 10920.41852673 -4406.70705410 
152.30000000 10449.93192160 -4575.70426355 
152.40000000 9960.17365388 -4758.41134679 
152.50000000 9449.47259956 -4956.59712172 
152.60000000 8915.92725655 -5172.35183262 
152.70000000 8357.36101006 -5408.16427709 
152.80000000 7771.26592417 -5667.02241629 
152.90000000 7154.73132293 -5952.54630449 
153.00000000 6504.35191896 -6269.16620678 
153.10000000 5816.10800561 -6622.36501318 
153.20000000 5085.20681685 -7019.01393153 
153.30000000 4305.86884324 -7467.84647804 
153.40000000 3471.03438378 -7980.14258870 
153.50000000 2571.95158042 -8570.74095588 
153.60000000 1597.58322578 -9259.58061898 
153.70000000 533.72709401 -10074.12786799 
