-0.000102 
0.004846 
0.009693 
0.014437 
0.019080 
0.023620 
0.028058 
0.032395 
0.036629 
0.040761 
0.044791 
0.048720 
0.052546 
0.056270 
0.059892 
0.063412 
0.066830 
0.070146 
0.073360 
0.076472 
0.079482 
0.082390 
0.085195 
0.087899 
0.090501 
0.093001 
0.095398 
0.097694 
0.099888 
0.101979 
0.103969 
0.105857 
0.107642 
0.109326 
0.110907 
0.112386 
0.113764 
0.115039 
0.116213 
0.117284 
0.118253 
0.119120 
0.119886 
0.120549 
0.121110 
0.121569 
0.121926 
0.122181 
0.122334 
0.122385 
0.122334 
0.122181 
0.121926 
0.121569 
0.121110 
0.120549 
0.119886 
0.119120 
0.118253 
0.117284 
0.116213 
0.115039 
0.113764 
0.112386 
0.110907 
0.109326 
0.107642 
0.105857 
0.103969 
0.101979 
0.099888 
0.097694 
0.095398 
0.093001 
0.090501 
0.087899 
0.085195 
0.082390 
0.079482 
0.076472 
0.073360 
0.070146 
0.066830 
0.063412 
0.059892 
0.056270 
0.052546 
0.048720 
0.044791 
0.040761 
0.036629 
0.032395 
0.028058 
0.023620 
0.019080 
0.014437 
0.009693 
0.004846 
-0.000102 
-0.005153 
