0.453742 
0.897573 
1.331538 
1.755682 
2.170048 
2.574681 
2.969624 
3.354920 
3.730613 
4.096744 
4.453356 
4.800491 
5.138188 
5.466490 
5.785434 
6.095061 
6.395409 
6.686515 
6.968417 
7.241150 
7.504749 
7.759250 
8.004685 
8.241088 
8.468488 
8.686918 
8.896407 
9.096982 
9.288673 
9.471504 
9.645501 
9.810689 
9.967089 
10.114724 
10.253613 
10.383778 
10.505234 
10.617999 
10.722088 
10.817516 
10.904295 
10.982437 
11.051951 
11.112847 
11.165133 
11.208813 
11.243894 
11.270378 
11.288267 
11.297563 
11.298264 
11.290369 
11.273873 
11.248773 
11.215062 
11.172733 
11.121777 
11.062184 
10.993943 
10.917040 
10.831463 
10.737195 
10.634221 
10.522522 
10.402080 
10.272874 
10.134883 
9.988085 
9.832457 
9.667972 
9.494607 
9.312333 
9.121123 
8.920948 
8.711778 
8.493583 
8.266330 
8.029988 
7.784522 
7.529899 
7.266083 
6.993039 
6.710730 
6.419119 
6.118168 
5.807838 
5.488092 
5.158889 
4.820189 
4.471952 
4.114137 
3.746702 
3.369608 
2.982810 
2.586268 
2.179939 
1.763780 
1.337750 
0.901805 
0.455902 
