0.000000 
0.000000 
0.000000 
0.000000 
0.000000 
0.000000 
0.000000 
0.000000 
0.000000 
0.000000 
0.000000 
0.316228 
0.100000 
0.010000 
0.001000 
0.000100 
0.000010 
0.000001 
0.000000 
0.000000 
0.000000 
0.000000 
0.447214 
0.200000 
0.040000 
0.008000 
0.001600 
0.000320 
0.000064 
0.000013 
0.000003 
0.000001 
0.000000 
0.547723 
0.300000 
0.090000 
0.027000 
0.008100 
0.002430 
0.000729 
0.000219 
0.000066 
0.000020 
0.000006 
0.632456 
0.400000 
0.160000 
0.064000 
0.025600 
0.010240 
0.004096 
0.001638 
0.000655 
0.000262 
0.000105 
0.707107 
0.500000 
0.250000 
0.125000 
0.062500 
0.031250 
0.015625 
0.007813 
0.003906 
0.001953 
0.000977 
0.774597 
0.600000 
0.360000 
0.216000 
0.129600 
0.077760 
0.046656 
0.027994 
0.016796 
0.010078 
0.006047 
0.836660 
0.700000 
0.490000 
0.343000 
0.240100 
0.168070 
0.117649 
0.082354 
0.057648 
0.040354 
0.028248 
0.894427 
0.800000 
0.640000 
0.512000 
0.409600 
0.327680 
0.262144 
0.209715 
0.167772 
0.134218 
0.107374 
0.948683 
0.900000 
0.810000 
0.729000 
0.656100 
0.590490 
0.531441 
0.478297 
0.430467 
0.387420 
0.348678 
1.000000 
1.000000 
1.000000 
1.000000 
1.000000 
1.000000 
1.000000 
1.000000 
1.000000 
1.000000 
1.000000 
