0.817365 4999.918264 
1.634103 4999.754853 
2.449534 4999.509900 
3.262982 4999.183602 
4.073779 4998.776224 
4.881264 4998.288097 
5.684788 4997.719618 
6.483713 4997.071247 
7.277418 4996.343505 
8.065297 4995.536976 
8.846763 4994.652299 
9.621249 4993.690174 
10.388209 4992.651353 
11.147121 4991.536641 
11.897486 4990.346893 
12.638832 4989.083010 
13.370710 4987.745939 
14.092700 4986.336669 
14.804410 4984.856228 
15.505475 4983.305680 
16.195557 4981.686124 
16.874350 4979.998689 
17.541573 4978.244532 
18.196975 4976.424835 
18.840333 4974.540801 
19.471453 4972.593656 
20.090165 4970.584639 
20.696330 4968.515006 
21.289833 4966.386023 
21.870584 4964.198965 
22.438519 4961.955113 
22.993596 4959.655753 
23.535799 4957.302173 
24.065131 4954.895660 
24.581617 4952.437499 
25.085300 4949.928969 
25.576246 4947.371344 
26.054534 4944.765891 
26.520261 4942.113864 
26.973542 4939.416510 
27.414502 4936.675060 
27.843283 4933.890732 
28.260037 4931.064728 
28.664928 4928.198235 
29.058130 4925.292422 
29.439826 4922.348440 
29.810208 4919.367419 
30.169474 4916.350472 
30.517828 4913.298689 
30.855482 4910.213141 
31.182650 4907.094876 
31.499551 4903.944920 
31.806408 4900.764280 
32.103444 4897.553935 
32.390887 4894.314847 
32.668963 4891.047950 
32.937902 4887.754160 
33.197931 4884.434367 
33.449279 4881.089439 
33.692172 4877.720222 
33.926836 4874.327538 
34.153494 4870.912189 
34.372370 4867.474952 
34.583683 4864.016584 
34.787649 4860.537819 
34.984483 4857.039370 
35.174395 4853.521931 
35.357594 4849.986172 
35.534282 4846.432743 
35.704661 4842.862277 
35.868927 4839.275384 
36.027273 4835.672657 
36.179886 4832.054669 
36.326952 4828.421973 
36.468651 4824.775108 
36.605157 4821.114592 
36.736645 4817.440928 
36.863279 4813.754600 
36.985225 4810.056078 
37.102640 4806.345814 
37.215680 4802.624246 
37.324494 4798.891796 
37.429229 4795.148873 
37.530027 4791.395871 
37.627026 4787.633168 
37.720360 4783.861132 
37.810158 4780.080116 
37.896547 4776.290462 
37.979648 4772.492497 
38.059580 4768.686539 
38.136457 4764.872893 
38.210391 4761.051854 
38.281488 4757.223705 
38.349853 4753.388720 
38.415585 4749.547162 
38.478782 4745.699283 
38.539537 4741.845330 
38.597942 4737.985535 
38.654084 4734.120127 
38.708047 4730.249322 
38.759914 4726.373331 
38.809762 4722.492355 
38.857668 4718.606588 
38.903705 4714.716217 
38.947945 4710.821423 
38.990455 4706.922377 
39.031301 4703.019247 
39.070547 4699.112192 
39.108254 4695.201367 
39.144481 4691.286919 
39.179284 4687.368991 
39.212719 4683.447719 
39.244837 4679.523235 
39.275691 4675.595666 
39.305328 4671.665133 
39.333796 4667.731754 
39.361140 4663.795640 
39.387404 4659.856899 
39.412630 4655.915636 
39.436858 4651.971950 
39.460127 4648.025938 
39.482474 4644.077690 
39.503936 4640.127297 
39.524547 4636.174842 
39.544340 4632.220408 
39.563348 4628.264073 
39.581601 4624.305913 
39.599129 4620.346000 
39.615961 4616.384404 
39.632123 4612.421192 
39.647643 4608.456427 
39.662545 4604.490173 
39.676853 4600.522488 
39.690593 4596.553428 
39.703784 4592.583050 
39.716451 4588.611405 
39.728612 4584.638544 
39.740288 4580.664515 
39.751499 4576.689365 
39.762263 4572.713139 
39.772597 4568.735879 
39.782519 4564.757627 
39.792044 4560.778423 
39.801189 4556.798304 
39.809969 4552.817307 
39.818398 4548.835467 
39.826491 4544.852818 
39.834260 4540.869392 
39.841718 4536.885220 
39.848878 4532.900332 
39.855752 4528.914757 
39.862351 4524.928522 
39.868686 4520.941653 
39.874767 4516.954177 
39.880605 4512.966116 
39.886210 4508.977495 
39.891590 4504.988336 
39.896755 4500.998661 
39.901713 4497.008489 
39.906473 4493.017842 
39.911042 4489.026738 
39.915427 4485.035195 
39.919638 4481.043231 
39.923679 4477.050864 
39.927559 4473.058108 
39.931283 4469.064979 
39.934858 4465.071493 
39.938290 4461.077664 
39.941584 4457.083506 
39.944746 4453.089031 
39.947782 4449.094253 
39.950696 4445.099184 
39.953493 4441.103834 
39.956177 4437.108217 
39.958755 4433.112341 
39.961228 4429.116218 
39.963603 4425.119858 
39.965883 4421.123270 
39.968071 4417.126463 
39.970171 4413.129446 
39.972187 4409.132227 
39.974122 4405.134815 
39.975979 4401.137217 
39.977762 4397.139441 
39.979474 4393.141493 
39.981117 4389.143382 
39.982694 4385.145112 
39.984207 4381.146691 
39.985660 4377.148125 
39.987055 4373.149420 
39.988393 4369.150581 
39.989678 4365.151613 
39.990912 4361.152522 
39.992096 4357.153312 
39.993232 4353.153989 
39.994323 4349.154556 
39.995370 4345.155020 
39.996375 4341.155382 
39.997339 4337.155648 
39.998265 4333.155822 
39.999154 4329.155906 
40.000007 4325.155905 
40.000826 4321.155823 
40.001612 4317.155662 
40.002367 4313.155425 
40.003091 4309.155116 
40.003786 4305.154737 
40.004453 4301.154292 
40.005093 4297.153783 
40.005708 4293.153212 
40.006298 4289.152582 
40.006864 4285.151896 
40.007408 4281.151155 
40.007930 4277.150362 
40.008431 4273.149519 
40.008911 4269.148628 
40.009373 4265.147690 
40.009816 4261.146709 
40.010241 4257.145685 
40.010649 4253.144620 
40.011040 4249.143516 
40.011416 4245.142374 
40.011777 4241.141197 
40.012124 4237.139984 
40.012456 4233.138739 
40.012775 4229.137461 
40.013081 4225.136153 
40.013375 4221.134815 
40.013658 4217.133450 
40.013928 4213.132057 
40.014188 4209.130638 
40.014438 4205.129194 
40.014677 4201.127726 
40.014907 4197.126236 
40.015128 4193.124723 
40.015340 4189.123189 
40.015543 4185.121635 
40.015738 4181.120061 
40.015926 4177.118468 
40.016105 4173.116858 
40.016278 4169.115230 
40.016444 4165.113585 
40.016603 4161.111925 
40.016755 4157.110250 
40.016902 4153.108559 
40.017042 4149.106855 
40.017177 4145.105137 
40.017307 4141.103407 
40.017431 4137.101664 
40.017550 4133.099909 
40.017665 4129.098142 
40.017775 4125.096365 
40.017881 4121.094577 
40.017982 4117.092778 
40.018079 4113.090970 
40.018172 4109.089153 
40.018262 4105.087327 
40.018348 4101.085492 
40.018430 4097.083649 
40.018510 4093.081798 
40.018586 4089.079940 
40.018659 4085.078074 
40.018729 4081.076201 
40.018796 4077.074321 
40.018860 4073.072435 
40.018922 4069.070543 
40.018982 4065.068645 
40.019039 4061.066741 
40.019094 4057.064832 
40.019146 4053.062917 
40.019197 4049.060997 
40.019245 4045.059073 
40.019292 4041.057144 
40.019336 4037.055210 
40.019379 4033.053272 
40.019420 4029.051330 
40.019460 4025.049384 
40.019498 4021.047434 
40.019534 4017.045481 
40.019569 4013.043524 
40.019602 4009.041564 
40.019634 4005.039600 
40.019665 4001.037634 
40.019695 3997.035664 
40.019723 3993.033692 
40.019751 3989.031717 
40.019777 3985.029739 
40.019802 3981.027759 
40.019826 3977.025776 
40.019849 3973.023791 
40.019872 3969.021804 
40.019893 3965.019815 
40.019913 3961.017824 
40.019933 3957.015830 
40.019952 3953.013835 
40.019970 3949.011838 
40.019987 3945.009839 
40.020004 3941.007839 
40.020020 3937.005837 
40.020035 3933.003834 
40.020050 3929.001828 
40.020064 3924.999822 
40.020078 3920.997814 
40.020091 3916.995805 
40.020104 3912.993795 
40.020116 3908.991783 
40.020127 3904.989771 
40.020138 3900.987757 
40.020149 3896.985742 
40.020159 3892.983726 
40.020169 3888.981709 
40.020178 3884.979691 
40.020187 3880.977672 
40.020196 3876.975653 
40.020204 3872.973632 
40.020212 3868.971611 
40.020220 3864.969589 
40.020227 3860.967566 
40.020234 3856.965543 
40.020241 3852.963519 
40.020248 3848.961494 
40.020254 3844.959469 
40.020260 3840.957443 
40.020266 3836.955416 
40.020271 3832.953389 
40.020276 3828.951362 
40.020281 3824.949333 
40.020286 3820.947305 
40.020291 3816.945276 
40.020296 3812.943246 
40.020300 3808.941216 
40.020304 3804.939186 
40.020308 3800.937155 
40.020312 3796.935124 
40.020315 3792.933092 
40.020319 3788.931060 
40.020322 3784.929028 
40.020326 3780.926996 
40.020329 3776.924963 
40.020332 3772.922930 
40.020335 3768.920896 
40.020337 3764.918862 
40.020340 3760.916828 
40.020342 3756.914794 
40.020345 3752.912760 
40.020347 3748.910725 
40.020349 3744.908690 
40.020352 3740.906655 
40.020354 3736.904619 
40.020356 3732.902584 
40.020358 3728.900548 
40.020359 3724.898512 
40.020361 3720.896476 
40.020363 3716.894440 
40.020364 3712.892403 
40.020366 3708.890367 
40.020367 3704.888330 
40.020369 3700.886293 
40.020370 3696.884256 
40.020372 3692.882219 
40.020373 3688.880182 
40.020374 3684.878144 
40.020375 3680.876107 
40.020376 3676.874069 
40.020377 3672.872031 
40.020378 3668.869994 
40.020379 3664.867956 
40.020380 3660.865918 
40.020381 3656.863879 
40.020382 3652.861841 
40.020383 3648.859803 
40.020384 3644.857765 
40.020385 3640.855726 
40.020385 3636.853688 
40.020386 3632.851649 
40.020387 3628.849610 
40.020387 3624.847572 
40.020388 3620.845533 
40.020389 3616.843494 
40.020389 3612.841455 
40.020390 3608.839416 
40.020390 3604.837377 
40.020391 3600.835338 
40.020391 3596.833299 
40.020392 3592.831260 
40.020392 3588.829220 
40.020393 3584.827181 
40.020393 3580.825142 
40.020393 3576.823103 
40.020394 3572.821063 
40.020394 3568.819024 
40.020394 3564.816984 
40.020395 3560.814945 
40.020395 3556.812905 
40.020395 3552.810866 
40.020396 3548.808826 
40.020396 3544.806787 
40.020396 3540.804747 
40.020397 3536.802707 
40.020397 3532.800668 
40.020397 3528.798628 
40.020397 3524.796588 
40.020398 3520.794548 
40.020398 3516.792509 
40.020398 3512.790469 
40.020398 3508.788429 
40.020398 3504.786389 
40.020399 3500.784349 
40.020399 3496.782309 
40.020399 3492.780270 
40.020399 3488.778230 
40.020399 3484.776190 
40.020399 3480.774150 
40.020400 3476.772110 
40.020400 3472.770070 
40.020400 3468.768030 
40.020400 3464.765990 
40.020400 3460.763950 
40.020400 3456.761910 
40.020400 3452.759870 
40.020400 3448.757830 
40.020400 3444.755790 
40.020401 3440.753750 
40.020401 3436.751710 
40.020401 3432.749670 
40.020401 3428.747630 
40.020401 3424.745589 
40.020401 3420.743549 
40.020401 3416.741509 
40.020401 3412.739469 
40.020401 3408.737429 
40.020401 3404.735389 
40.020401 3400.733349 
40.020401 3396.731309 
40.020402 3392.729268 
40.020402 3388.727228 
40.020402 3384.725188 
40.020402 3380.723148 
40.020402 3376.721108 
40.020402 3372.719068 
40.020402 3368.717027 
40.020402 3364.714987 
40.020402 3360.712947 
40.020402 3356.710907 
40.020402 3352.708867 
40.020402 3348.706826 
40.020402 3344.704786 
40.020402 3340.702746 
40.020402 3336.700706 
40.020402 3332.698666 
40.020402 3328.696625 
40.020402 3324.694585 
40.020402 3320.692545 
40.020402 3316.690505 
40.020402 3312.688464 
40.020402 3308.686424 
40.020402 3304.684384 
40.020402 3300.682344 
40.020402 3296.680303 
40.020402 3292.678263 
40.020402 3288.676223 
40.020402 3284.674183 
40.020402 3280.672142 
40.020403 3276.670102 
40.020403 3272.668062 
40.020403 3268.666022 
40.020403 3264.663981 
40.020403 3260.661941 
40.020403 3256.659901 
40.020403 3252.657861 
40.020403 3248.655820 
40.020403 3244.653780 
40.020403 3240.651740 
40.020403 3236.649700 
40.020403 3232.647659 
40.020403 3228.645619 
40.020403 3224.643579 
40.020403 3220.641539 
40.020403 3216.639498 
40.020403 3212.637458 
40.020403 3208.635418 
40.020403 3204.633377 
40.020403 3200.631337 
40.020403 3196.629297 
40.020403 3192.627257 
40.020403 3188.625216 
40.020403 3184.623176 
40.020403 3180.621136 
40.020403 3176.619095 
40.020403 3172.617055 
40.020403 3168.615015 
40.020403 3164.612975 
40.020403 3160.610934 
40.020403 3156.608894 
40.020403 3152.606854 
40.020403 3148.604814 
40.020403 3144.602773 
40.020403 3140.600733 
40.020403 3136.598693 
40.020403 3132.596652 
40.020403 3128.594612 
40.020403 3124.592572 
40.020403 3120.590532 
40.020403 3116.588491 
40.020403 3112.586451 
40.020403 3108.584411 
40.020403 3104.582370 
40.020403 3100.580330 
40.020403 3096.578290 
40.020403 3092.576250 
40.020403 3088.574209 
40.020403 3084.572169 
40.020403 3080.570129 
40.020403 3076.568088 
40.020403 3072.566048 
40.020403 3068.564008 
40.020403 3064.561967 
40.020403 3060.559927 
40.020403 3056.557887 
40.020403 3052.555847 
40.020403 3048.553806 
40.020403 3044.551766 
40.020403 3040.549726 
40.020403 3036.547685 
40.020403 3032.545645 
40.020403 3028.543605 
40.020403 3024.541565 
40.020403 3020.539524 
40.020403 3016.537484 
40.020403 3012.535444 
40.020403 3008.533403 
40.020403 3004.531363 
40.020403 3000.529323 
40.020403 2996.527282 
40.020403 2992.525242 
40.020403 2988.523202 
40.020403 2984.521162 
40.020403 2980.519121 
40.020403 2976.517081 
40.020403 2972.515041 
40.020403 2968.513000 
40.020403 2964.510960 
40.020403 2960.508920 
40.020403 2956.506880 
40.020403 2952.504839 
40.020403 2948.502799 
40.020403 2944.500759 
40.020403 2940.498718 
40.020403 2936.496678 
40.020403 2932.494638 
40.020403 2928.492597 
40.020403 2924.490557 
40.020403 2920.488517 
40.020403 2916.486477 
40.020403 2912.484436 
40.020403 2908.482396 
40.020403 2904.480356 
40.020403 2900.478315 
40.020403 2896.476275 
40.020403 2892.474235 
40.020403 2888.472195 
40.020403 2884.470154 
40.020403 2880.468114 
40.020403 2876.466074 
40.020403 2872.464033 
40.020403 2868.461993 
40.020403 2864.459953 
40.020403 2860.457912 
40.020403 2856.455872 
40.020403 2852.453832 
40.020403 2848.451792 
40.020403 2844.449751 
40.020403 2840.447711 
40.020403 2836.445671 
40.020403 2832.443630 
40.020403 2828.441590 
40.020403 2824.439550 
40.020403 2820.437510 
40.020403 2816.435469 
40.020403 2812.433429 
40.020403 2808.431389 
40.020403 2804.429348 
40.020403 2800.427308 
40.020403 2796.425268 
40.020403 2792.423227 
40.020403 2788.421187 
40.020403 2784.419147 
40.020403 2780.417107 
40.020403 2776.415066 
40.020403 2772.413026 
40.020403 2768.410986 
40.020403 2764.408945 
40.020403 2760.406905 
40.020403 2756.404865 
40.020403 2752.402825 
40.020403 2748.400784 
40.020403 2744.398744 
40.020403 2740.396704 
40.020403 2736.394663 
40.020403 2732.392623 
40.020403 2728.390583 
40.020403 2724.388542 
40.020403 2720.386502 
40.020403 2716.384462 
40.020403 2712.382422 
40.020403 2708.380381 
40.020403 2704.378341 
40.020403 2700.376301 
40.020403 2696.374260 
40.020403 2692.372220 
40.020403 2688.370180 
40.020403 2684.368139 
40.020403 2680.366099 
40.020403 2676.364059 
40.020403 2672.362019 
40.020403 2668.359978 
40.020403 2664.357938 
40.020403 2660.355898 
40.020403 2656.353857 
40.020403 2652.351817 
40.020403 2648.349777 
40.020403 2644.347737 
40.020403 2640.345696 
40.020403 2636.343656 
40.020403 2632.341616 
40.020403 2628.339575 
40.020403 2624.337535 
40.020403 2620.335495 
40.020403 2616.333454 
40.020403 2612.331414 
40.020403 2608.329374 
40.020403 2604.327334 
40.020403 2600.325293 
40.020403 2596.323253 
40.020403 2592.321213 
40.020403 2588.319172 
40.020403 2584.317132 
40.020403 2580.315092 
40.020403 2576.313051 
40.020403 2572.311011 
40.020403 2568.308971 
40.020403 2564.306931 
40.020403 2560.304890 
40.020403 2556.302850 
40.020403 2552.300810 
40.020403 2548.298769 
40.020403 2544.296729 
40.020403 2540.294689 
40.020403 2536.292649 
40.020403 2532.290608 
40.020403 2528.288568 
40.020403 2524.286528 
40.020403 2520.284487 
40.020403 2516.282447 
40.020403 2512.280407 
40.020403 2508.278366 
40.020403 2504.276326 
40.020403 2500.274286 
40.020403 2496.272246 
40.020403 2492.270205 
40.020403 2488.268165 
40.020403 2484.266125 
40.020403 2480.264084 
40.020403 2476.262044 
40.020403 2472.260004 
40.020403 2468.257963 
40.020403 2464.255923 
40.020403 2460.253883 
40.020403 2456.251843 
40.020403 2452.249802 
40.020403 2448.247762 
40.020403 2444.245722 
40.020403 2440.243681 
40.020403 2436.241641 
40.020403 2432.239601 
40.020403 2428.237561 
40.020403 2424.235520 
40.020403 2420.233480 
40.020403 2416.231440 
40.020403 2412.229399 
40.020403 2408.227359 
40.020403 2404.225319 
40.020403 2400.223278 
40.020403 2396.221238 
40.020403 2392.219198 
40.020403 2388.217158 
40.020403 2384.215117 
40.020403 2380.213077 
40.020403 2376.211037 
40.020403 2372.208996 
40.020403 2368.206956 
40.020403 2364.204916 
40.020403 2360.202875 
40.020403 2356.200835 
40.020403 2352.198795 
40.020403 2348.196755 
40.020403 2344.194714 
40.020403 2340.192674 
40.020403 2336.190634 
40.020403 2332.188593 
40.020403 2328.186553 
40.020403 2324.184513 
40.020403 2320.182473 
40.020403 2316.180432 
40.020403 2312.178392 
40.020403 2308.176352 
40.020403 2304.174311 
40.020403 2300.172271 
40.020403 2296.170231 
40.020403 2292.168190 
40.020403 2288.166150 
40.020403 2284.164110 
40.020403 2280.162070 
40.020403 2276.160029 
40.020403 2272.157989 
40.020403 2268.155949 
40.020403 2264.153908 
40.020403 2260.151868 
40.020403 2256.149828 
40.020403 2252.147788 
40.020403 2248.145747 
40.020403 2244.143707 
40.020403 2240.141667 
40.020403 2236.139626 
40.020403 2232.137586 
40.020403 2228.135546 
40.020403 2224.133505 
40.020403 2220.131465 
40.020403 2216.129425 
40.020403 2212.127385 
40.020403 2208.125344 
40.020403 2204.123304 
40.020403 2200.121264 
40.020403 2196.119223 
40.020403 2192.117183 
40.020403 2188.115143 
40.020403 2184.113102 
40.020403 2180.111062 
40.020403 2176.109022 
40.020403 2172.106982 
40.020403 2168.104941 
40.020403 2164.102901 
40.020403 2160.100861 
40.020403 2156.098820 
40.020403 2152.096780 
40.020403 2148.094740 
40.020403 2144.092700 
40.020403 2140.090659 
40.020403 2136.088619 
40.020403 2132.086579 
40.020403 2128.084538 
40.020403 2124.082498 
40.020403 2120.080458 
40.020403 2116.078417 
40.020403 2112.076377 
40.020403 2108.074337 
40.020403 2104.072297 
40.020403 2100.070256 
40.020403 2096.068216 
40.020403 2092.066176 
40.020403 2088.064135 
40.020403 2084.062095 
40.020403 2080.060055 
40.020403 2076.058014 
40.020403 2072.055974 
40.020403 2068.053934 
40.020403 2064.051894 
40.020403 2060.049853 
40.020403 2056.047813 
40.020403 2052.045773 
40.020403 2048.043732 
40.020403 2044.041692 
40.020403 2040.039652 
40.020403 2036.037612 
40.020403 2032.035571 
40.020403 2028.033531 
40.020403 2024.031491 
40.020403 2020.029450 
40.020403 2016.027410 
40.020403 2012.025370 
40.020403 2008.023329 
40.020403 2004.021289 
40.020403 2000.019249 
40.020403 1996.017209 
The total time is 78.400000 
26.257516 1993.391457 
20.044693 1991.386988 
16.509487 1989.736039 
14.257528 1988.310286 
12.722665 1987.038020 
11.628840 1985.875136 
10.824653 1984.792670 
10.219893 1983.770681 
9.757379 1982.794943 
9.399097 1981.855033 
9.118807 1980.943153 
8.897838 1980.053369 
8.722580 1979.181111 
8.582910 1978.322820 
8.471178 1977.475702 
8.381522 1976.637550 
8.309406 1975.806609 
8.251284 1974.981481 
8.204368 1974.161044 
8.166447 1973.344399 
8.135767 1972.530823 
8.110924 1971.719730 
8.090793 1970.910651 
8.074473 1970.103204 
8.061235 1969.297080 
8.050495 1968.492031 
8.041777 1967.687853 
8.034701 1966.884383 
8.028954 1966.081487 
8.024288 1965.279059 
8.020498 1964.477009 
8.017419 1963.675267 
8.014918 1962.873775 
8.012887 1962.072486 
8.011236 1961.271363 
8.009895 1960.470373 
8.008805 1959.669493 
8.007920 1958.868701 
8.007200 1958.067981 
8.006616 1957.267319 
8.006141 1956.466705 
8.005755 1955.666130 
8.005441 1954.865586 
8.005186 1954.065067 
8.004979 1953.264569 
8.004811 1952.464088 
8.004674 1951.663621 
8.004563 1950.863164 
8.004472 1950.062717 
8.004399 1949.262277 
8.004339 1948.461843 
8.004291 1947.661414 
8.004251 1946.860989 
8.004219 1946.060567 
8.004193 1945.260148 
8.004172 1944.459731 
8.004155 1943.659315 
8.004141 1942.858901 
8.004130 1942.058488 
8.004121 1941.258076 
8.004113 1940.457665 
8.004107 1939.657254 
8.004102 1938.856844 
8.004098 1938.056434 
8.004095 1937.256024 
8.004092 1936.455615 
8.004090 1935.655206 
8.004088 1934.854797 
8.004087 1934.054389 
8.004086 1933.253980 
8.004085 1932.453572 
8.004084 1931.653163 
8.004083 1930.852755 
8.004083 1930.052347 
8.004082 1929.251938 
8.004082 1928.451530 
8.004082 1927.651122 
8.004082 1926.850714 
8.004081 1926.050306 
8.004081 1925.249898 
8.004081 1924.449490 
8.004081 1923.649081 
8.004081 1922.848673 
8.004081 1922.048265 
8.004081 1921.247857 
8.004081 1920.447449 
8.004081 1919.647041 
8.004081 1918.846633 
8.004081 1918.046225 
8.004081 1917.245817 
8.004081 1916.445409 
8.004081 1915.645001 
8.004081 1914.844593 
8.004081 1914.044185 
8.004081 1913.243776 
8.004081 1912.443368 
8.004081 1911.642960 
8.004081 1910.842552 
8.004081 1910.042144 
8.004081 1909.241736 
8.004081 1908.441328 
8.004081 1907.640920 
8.004081 1906.840512 
8.004081 1906.040104 
8.004081 1905.239696 
8.004081 1904.439288 
8.004081 1903.638880 
8.004081 1902.838472 
8.004081 1902.038064 
8.004081 1901.237656 
8.004081 1900.437248 
8.004081 1899.636839 
8.004081 1898.836431 
8.004081 1898.036023 
8.004081 1897.235615 
8.004081 1896.435207 
8.004081 1895.634799 
8.004081 1894.834391 
8.004081 1894.033983 
8.004081 1893.233575 
8.004081 1892.433167 
8.004081 1891.632759 
8.004081 1890.832351 
8.004081 1890.031943 
8.004081 1889.231535 
8.004081 1888.431127 
8.004081 1887.630719 
8.004081 1886.830311 
8.004081 1886.029902 
8.004081 1885.229494 
8.004081 1884.429086 
8.004081 1883.628678 
8.004081 1882.828270 
8.004081 1882.027862 
8.004081 1881.227454 
8.004081 1880.427046 
8.004081 1879.626638 
8.004081 1878.826230 
8.004081 1878.025822 
8.004081 1877.225414 
8.004081 1876.425006 
8.004081 1875.624598 
8.004081 1874.824190 
8.004081 1874.023782 
8.004081 1873.223374 
8.004081 1872.422965 
8.004081 1871.622557 
8.004081 1870.822149 
8.004081 1870.021741 
8.004081 1869.221333 
8.004081 1868.420925 
8.004081 1867.620517 
8.004081 1866.820109 
8.004081 1866.019701 
8.004081 1865.219293 
8.004081 1864.418885 
8.004081 1863.618477 
8.004081 1862.818069 
8.004081 1862.017661 
8.004081 1861.217253 
8.004081 1860.416845 
8.004081 1859.616436 
8.004081 1858.816028 
8.004081 1858.015620 
8.004081 1857.215212 
8.004081 1856.414804 
8.004081 1855.614396 
8.004081 1854.813988 
8.004081 1854.013580 
8.004081 1853.213172 
8.004081 1852.412764 
8.004081 1851.612356 
8.004081 1850.811948 
8.004081 1850.011540 
8.004081 1849.211132 
8.004081 1848.410724 
8.004081 1847.610316 
8.004081 1846.809908 
8.004081 1846.009499 
8.004081 1845.209091 
8.004081 1844.408683 
8.004081 1843.608275 
8.004081 1842.807867 
8.004081 1842.007459 
8.004081 1841.207051 
8.004081 1840.406643 
8.004081 1839.606235 
8.004081 1838.805827 
8.004081 1838.005419 
8.004081 1837.205011 
8.004081 1836.404603 
8.004081 1835.604195 
8.004081 1834.803787 
8.004081 1834.003379 
8.004081 1833.202971 
8.004081 1832.402562 
8.004081 1831.602154 
8.004081 1830.801746 
8.004081 1830.001338 
8.004081 1829.200930 
8.004081 1828.400522 
8.004081 1827.600114 
8.004081 1826.799706 
8.004081 1825.999298 
8.004081 1825.198890 
8.004081 1824.398482 
8.004081 1823.598074 
8.004081 1822.797666 
8.004081 1821.997258 
8.004081 1821.196850 
8.004081 1820.396442 
8.004081 1819.596034 
8.004081 1818.795625 
8.004081 1817.995217 
8.004081 1817.194809 
8.004081 1816.394401 
8.004081 1815.593993 
8.004081 1814.793585 
8.004081 1813.993177 
8.004081 1813.192769 
8.004081 1812.392361 
8.004081 1811.591953 
8.004081 1810.791545 
8.004081 1809.991137 
8.004081 1809.190729 
8.004081 1808.390321 
8.004081 1807.589913 
8.004081 1806.789505 
8.004081 1805.989097 
8.004081 1805.188688 
8.004081 1804.388280 
8.004081 1803.587872 
8.004081 1802.787464 
8.004081 1801.987056 
8.004081 1801.186648 
8.004081 1800.386240 
8.004081 1799.585832 
8.004081 1798.785424 
8.004081 1797.985016 
8.004081 1797.184608 
8.004081 1796.384200 
8.004081 1795.583792 
8.004081 1794.783384 
8.004081 1793.982976 
8.004081 1793.182568 
8.004081 1792.382160 
8.004081 1791.581751 
8.004081 1790.781343 
8.004081 1789.980935 
8.004081 1789.180527 
8.004081 1788.380119 
8.004081 1787.579711 
8.004081 1786.779303 
8.004081 1785.978895 
8.004081 1785.178487 
8.004081 1784.378079 
8.004081 1783.577671 
8.004081 1782.777263 
8.004081 1781.976855 
8.004081 1781.176447 
8.004081 1780.376039 
8.004081 1779.575631 
8.004081 1778.775223 
8.004081 1777.974814 
8.004081 1777.174406 
8.004081 1776.373998 
8.004081 1775.573590 
8.004081 1774.773182 
8.004081 1773.972774 
8.004081 1773.172366 
8.004081 1772.371958 
8.004081 1771.571550 
8.004081 1770.771142 
8.004081 1769.970734 
8.004081 1769.170326 
8.004081 1768.369918 
8.004081 1767.569510 
8.004081 1766.769102 
8.004081 1765.968694 
8.004081 1765.168286 
8.004081 1764.367877 
8.004081 1763.567469 
8.004081 1762.767061 
8.004081 1761.966653 
8.004081 1761.166245 
8.004081 1760.365837 
8.004081 1759.565429 
8.004081 1758.765021 
8.004081 1757.964613 
8.004081 1757.164205 
8.004081 1756.363797 
8.004081 1755.563389 
8.004081 1754.762981 
8.004081 1753.962573 
8.004081 1753.162165 
8.004081 1752.361757 
8.004081 1751.561349 
8.004081 1750.760940 
8.004081 1749.960532 
8.004081 1749.160124 
8.004081 1748.359716 
8.004081 1747.559308 
8.004081 1746.758900 
8.004081 1745.958492 
8.004081 1745.158084 
8.004081 1744.357676 
8.004081 1743.557268 
8.004081 1742.756860 
8.004081 1741.956452 
8.004081 1741.156044 
8.004081 1740.355636 
8.004081 1739.555228 
8.004081 1738.754820 
8.004081 1737.954411 
8.004081 1737.154003 
8.004081 1736.353595 
8.004081 1735.553187 
8.004081 1734.752779 
8.004081 1733.952371 
8.004081 1733.151963 
8.004081 1732.351555 
8.004081 1731.551147 
8.004081 1730.750739 
8.004081 1729.950331 
8.004081 1729.149923 
8.004081 1728.349515 
8.004081 1727.549107 
8.004081 1726.748699 
8.004081 1725.948291 
8.004081 1725.147883 
8.004081 1724.347474 
8.004081 1723.547066 
8.004081 1722.746658 
8.004081 1721.946250 
8.004081 1721.145842 
8.004081 1720.345434 
8.004081 1719.545026 
8.004081 1718.744618 
8.004081 1717.944210 
8.004081 1717.143802 
8.004081 1716.343394 
8.004081 1715.542986 
8.004081 1714.742578 
8.004081 1713.942170 
8.004081 1713.141762 
8.004081 1712.341354 
8.004081 1711.540946 
8.004081 1710.740537 
8.004081 1709.940129 
8.004081 1709.139721 
8.004081 1708.339313 
8.004081 1707.538905 
8.004081 1706.738497 
8.004081 1705.938089 
8.004081 1705.137681 
8.004081 1704.337273 
8.004081 1703.536865 
8.004081 1702.736457 
8.004081 1701.936049 
8.004081 1701.135641 
8.004081 1700.335233 
8.004081 1699.534825 
8.004081 1698.734417 
8.004081 1697.934009 
8.004081 1697.133600 
8.004081 1696.333192 
8.004081 1695.532784 
8.004081 1694.732376 
8.004081 1693.931968 
8.004081 1693.131560 
8.004081 1692.331152 
8.004081 1691.530744 
8.004081 1690.730336 
8.004081 1689.929928 
8.004081 1689.129520 
8.004081 1688.329112 
8.004081 1687.528704 
8.004081 1686.728296 
8.004081 1685.927888 
8.004081 1685.127480 
8.004081 1684.327072 
8.004081 1683.526663 
8.004081 1682.726255 
8.004081 1681.925847 
8.004081 1681.125439 
8.004081 1680.325031 
8.004081 1679.524623 
8.004081 1678.724215 
8.004081 1677.923807 
8.004081 1677.123399 
8.004081 1676.322991 
8.004081 1675.522583 
8.004081 1674.722175 
8.004081 1673.921767 
8.004081 1673.121359 
8.004081 1672.320951 
8.004081 1671.520543 
8.004081 1670.720135 
8.004081 1669.919726 
8.004081 1669.119318 
8.004081 1668.318910 
8.004081 1667.518502 
8.004081 1666.718094 
8.004081 1665.917686 
8.004081 1665.117278 
8.004081 1664.316870 
8.004081 1663.516462 
8.004081 1662.716054 
8.004081 1661.915646 
8.004081 1661.115238 
8.004081 1660.314830 
8.004081 1659.514422 
8.004081 1658.714014 
8.004081 1657.913606 
8.004081 1657.113198 
8.004081 1656.312789 
8.004081 1655.512381 
8.004081 1654.711973 
8.004081 1653.911565 
8.004081 1653.111157 
8.004081 1652.310749 
8.004081 1651.510341 
8.004081 1650.709933 
8.004081 1649.909525 
8.004081 1649.109117 
8.004081 1648.308709 
8.004081 1647.508301 
8.004081 1646.707893 
8.004081 1645.907485 
8.004081 1645.107077 
8.004081 1644.306669 
8.004081 1643.506261 
8.004081 1642.705852 
8.004081 1641.905444 
8.004081 1641.105036 
8.004081 1640.304628 
8.004081 1639.504220 
8.004081 1638.703812 
8.004081 1637.903404 
8.004081 1637.102996 
8.004081 1636.302588 
8.004081 1635.502180 
8.004081 1634.701772 
8.004081 1633.901364 
8.004081 1633.100956 
8.004081 1632.300548 
8.004081 1631.500140 
8.004081 1630.699732 
8.004081 1629.899324 
8.004081 1629.098915 
8.004081 1628.298507 
8.004081 1627.498099 
8.004081 1626.697691 
8.004081 1625.897283 
8.004081 1625.096875 
8.004081 1624.296467 
8.004081 1623.496059 
8.004081 1622.695651 
8.004081 1621.895243 
8.004081 1621.094835 
8.004081 1620.294427 
8.004081 1619.494019 
8.004081 1618.693611 
8.004081 1617.893203 
8.004081 1617.092795 
8.004081 1616.292387 
8.004081 1615.491978 
8.004081 1614.691570 
8.004081 1613.891162 
8.004081 1613.090754 
8.004081 1612.290346 
8.004081 1611.489938 
8.004081 1610.689530 
8.004081 1609.889122 
8.004081 1609.088714 
8.004081 1608.288306 
8.004081 1607.487898 
8.004081 1606.687490 
8.004081 1605.887082 
8.004081 1605.086674 
8.004081 1604.286266 
8.004081 1603.485858 
8.004081 1602.685449 
8.004081 1601.885041 
8.004081 1601.084633 
8.004081 1600.284225 
8.004081 1599.483817 
8.004081 1598.683409 
8.004081 1597.883001 
8.004081 1597.082593 
8.004081 1596.282185 
8.004081 1595.481777 
8.004081 1594.681369 
8.004081 1593.880961 
8.004081 1593.080553 
8.004081 1592.280145 
8.004081 1591.479737 
8.004081 1590.679329 
8.004081 1589.878921 
8.004081 1589.078512 
8.004081 1588.278104 
8.004081 1587.477696 
8.004081 1586.677288 
8.004081 1585.876880 
8.004081 1585.076472 
8.004081 1584.276064 
8.004081 1583.475656 
8.004081 1582.675248 
8.004081 1581.874840 
8.004081 1581.074432 
8.004081 1580.274024 
8.004081 1579.473616 
8.004081 1578.673208 
8.004081 1577.872800 
8.004081 1577.072392 
8.004081 1576.271984 
8.004081 1575.471575 
8.004081 1574.671167 
8.004081 1573.870759 
8.004081 1573.070351 
8.004081 1572.269943 
8.004081 1571.469535 
8.004081 1570.669127 
8.004081 1569.868719 
8.004081 1569.068311 
8.004081 1568.267903 
8.004081 1567.467495 
8.004081 1566.667087 
8.004081 1565.866679 
8.004081 1565.066271 
8.004081 1564.265863 
8.004081 1563.465455 
8.004081 1562.665047 
8.004081 1561.864638 
8.004081 1561.064230 
8.004081 1560.263822 
8.004081 1559.463414 
8.004081 1558.663006 
8.004081 1557.862598 
8.004081 1557.062190 
8.004081 1556.261782 
8.004081 1555.461374 
8.004081 1554.660966 
8.004081 1553.860558 
8.004081 1553.060150 
8.004081 1552.259742 
8.004081 1551.459334 
8.004081 1550.658926 
8.004081 1549.858518 
8.004081 1549.058110 
8.004081 1548.257701 
8.004081 1547.457293 
8.004081 1546.656885 
8.004081 1545.856477 
8.004081 1545.056069 
8.004081 1544.255661 
8.004081 1543.455253 
8.004081 1542.654845 
8.004081 1541.854437 
8.004081 1541.054029 
8.004081 1540.253621 
8.004081 1539.453213 
8.004081 1538.652805 
8.004081 1537.852397 
8.004081 1537.051989 
8.004081 1536.251581 
8.004081 1535.451173 
8.004081 1534.650764 
8.004081 1533.850356 
8.004081 1533.049948 
8.004081 1532.249540 
8.004081 1531.449132 
8.004081 1530.648724 
8.004081 1529.848316 
8.004081 1529.047908 
8.004081 1528.247500 
8.004081 1527.447092 
8.004081 1526.646684 
8.004081 1525.846276 
8.004081 1525.045868 
8.004081 1524.245460 
8.004081 1523.445052 
8.004081 1522.644644 
8.004081 1521.844236 
8.004081 1521.043827 
8.004081 1520.243419 
8.004081 1519.443011 
8.004081 1518.642603 
8.004081 1517.842195 
8.004081 1517.041787 
8.004081 1516.241379 
8.004081 1515.440971 
8.004081 1514.640563 
8.004081 1513.840155 
8.004081 1513.039747 
8.004081 1512.239339 
8.004081 1511.438931 
8.004081 1510.638523 
8.004081 1509.838115 
8.004081 1509.037707 
8.004081 1508.237299 
8.004081 1507.436890 
8.004081 1506.636482 
8.004081 1505.836074 
8.004081 1505.035666 
8.004081 1504.235258 
8.004081 1503.434850 
8.004081 1502.634442 
8.004081 1501.834034 
8.004081 1501.033626 
8.004081 1500.233218 
8.004081 1499.432810 
8.004081 1498.632402 
8.004081 1497.831994 
8.004081 1497.031586 
8.004081 1496.231178 
8.004081 1495.430770 
8.004081 1494.630362 
8.004081 1493.829953 
8.004081 1493.029545 
8.004081 1492.229137 
8.004081 1491.428729 
8.004081 1490.628321 
8.004081 1489.827913 
8.004081 1489.027505 
8.004081 1488.227097 
8.004081 1487.426689 
8.004081 1486.626281 
8.004081 1485.825873 
8.004081 1485.025465 
8.004081 1484.225057 
8.004081 1483.424649 
8.004081 1482.624241 
8.004081 1481.823833 
8.004081 1481.023424 
8.004081 1480.223016 
8.004081 1479.422608 
8.004081 1478.622200 
8.004081 1477.821792 
8.004081 1477.021384 
8.004081 1476.220976 
8.004081 1475.420568 
8.004081 1474.620160 
8.004081 1473.819752 
8.004081 1473.019344 
8.004081 1472.218936 
8.004081 1471.418528 
8.004081 1470.618120 
8.004081 1469.817712 
8.004081 1469.017304 
8.004081 1468.216896 
8.004081 1467.416487 
8.004081 1466.616079 
8.004081 1465.815671 
8.004081 1465.015263 
8.004081 1464.214855 
8.004081 1463.414447 
8.004081 1462.614039 
8.004081 1461.813631 
8.004081 1461.013223 
8.004081 1460.212815 
8.004081 1459.412407 
8.004081 1458.611999 
8.004081 1457.811591 
8.004081 1457.011183 
8.004081 1456.210775 
8.004081 1455.410367 
8.004081 1454.609959 
8.004081 1453.809550 
8.004081 1453.009142 
8.004081 1452.208734 
8.004081 1451.408326 
8.004081 1450.607918 
8.004081 1449.807510 
8.004081 1449.007102 
8.004081 1448.206694 
8.004081 1447.406286 
8.004081 1446.605878 
8.004081 1445.805470 
8.004081 1445.005062 
8.004081 1444.204654 
8.004081 1443.404246 
8.004081 1442.603838 
8.004081 1441.803430 
8.004081 1441.003022 
8.004081 1440.202613 
8.004081 1439.402205 
8.004081 1438.601797 
8.004081 1437.801389 
8.004081 1437.000981 
8.004081 1436.200573 
8.004081 1435.400165 
8.004081 1434.599757 
8.004081 1433.799349 
8.004081 1432.998941 
8.004081 1432.198533 
8.004081 1431.398125 
8.004081 1430.597717 
8.004081 1429.797309 
8.004081 1428.996901 
8.004081 1428.196493 
8.004081 1427.396085 
8.004081 1426.595676 
8.004081 1425.795268 
8.004081 1424.994860 
8.004081 1424.194452 
8.004081 1423.394044 
8.004081 1422.593636 
8.004081 1421.793228 
8.004081 1420.992820 
8.004081 1420.192412 
8.004081 1419.392004 
8.004081 1418.591596 
8.004081 1417.791188 
8.004081 1416.990780 
8.004081 1416.190372 
8.004081 1415.389964 
8.004081 1414.589556 
8.004081 1413.789148 
8.004081 1412.988739 
8.004081 1412.188331 
8.004081 1411.387923 
8.004081 1410.587515 
8.004081 1409.787107 
8.004081 1408.986699 
8.004081 1408.186291 
8.004081 1407.385883 
8.004081 1406.585475 
8.004081 1405.785067 
8.004081 1404.984659 
8.004081 1404.184251 
8.004081 1403.383843 
8.004081 1402.583435 
8.004081 1401.783027 
8.004081 1400.982619 
8.004081 1400.182211 
8.004081 1399.381802 
8.004081 1398.581394 
8.004081 1397.780986 
8.004081 1396.980578 
8.004081 1396.180170 
8.004081 1395.379762 
8.004081 1394.579354 
8.004081 1393.778946 
8.004081 1392.978538 
8.004081 1392.178130 
8.004081 1391.377722 
8.004081 1390.577314 
8.004081 1389.776906 
8.004081 1388.976498 
8.004081 1388.176090 
8.004081 1387.375682 
8.004081 1386.575274 
8.004081 1385.774865 
8.004081 1384.974457 
8.004081 1384.174049 
8.004081 1383.373641 
8.004081 1382.573233 
8.004081 1381.772825 
8.004081 1380.972417 
8.004081 1380.172009 
8.004081 1379.371601 
8.004081 1378.571193 
8.004081 1377.770785 
8.004081 1376.970377 
8.004081 1376.169969 
8.004081 1375.369561 
8.004081 1374.569153 
8.004081 1373.768745 
8.004081 1372.968337 
8.004081 1372.167928 
8.004081 1371.367520 
8.004081 1370.567112 
8.004081 1369.766704 
8.004081 1368.966296 
8.004081 1368.165888 
8.004081 1367.365480 
8.004081 1366.565072 
8.004081 1365.764664 
8.004081 1364.964256 
8.004081 1364.163848 
8.004081 1363.363440 
8.004081 1362.563032 
8.004081 1361.762624 
8.004081 1360.962216 
8.004081 1360.161808 
8.004081 1359.361399 
8.004081 1358.560991 
8.004081 1357.760583 
8.004081 1356.960175 
8.004081 1356.159767 
8.004081 1355.359359 
8.004081 1354.558951 
8.004081 1353.758543 
8.004081 1352.958135 
8.004081 1352.157727 
8.004081 1351.357319 
8.004081 1350.556911 
8.004081 1349.756503 
8.004081 1348.956095 
8.004081 1348.155687 
8.004081 1347.355279 
8.004081 1346.554871 
8.004081 1345.754462 
8.004081 1344.954054 
8.004081 1344.153646 
8.004081 1343.353238 
8.004081 1342.552830 
8.004081 1341.752422 
8.004081 1340.952014 
8.004081 1340.151606 
8.004081 1339.351198 
8.004081 1338.550790 
8.004081 1337.750382 
8.004081 1336.949974 
8.004081 1336.149566 
8.004081 1335.349158 
8.004081 1334.548750 
8.004081 1333.748342 
8.004081 1332.947934 
8.004081 1332.147525 
8.004081 1331.347117 
8.004081 1330.546709 
8.004081 1329.746301 
8.004081 1328.945893 
8.004081 1328.145485 
8.004081 1327.345077 
8.004081 1326.544669 
8.004081 1325.744261 
8.004081 1324.943853 
8.004081 1324.143445 
8.004081 1323.343037 
8.004081 1322.542629 
8.004081 1321.742221 
8.004081 1320.941813 
8.004081 1320.141405 
8.004081 1319.340997 
8.004081 1318.540588 
8.004081 1317.740180 
8.004081 1316.939772 
8.004081 1316.139364 
8.004081 1315.338956 
8.004081 1314.538548 
8.004081 1313.738140 
8.004081 1312.937732 
8.004081 1312.137324 
8.004081 1311.336916 
8.004081 1310.536508 
8.004081 1309.736100 
8.004081 1308.935692 
8.004081 1308.135284 
8.004081 1307.334876 
8.004081 1306.534468 
8.004081 1305.734060 
8.004081 1304.933651 
8.004081 1304.133243 
8.004081 1303.332835 
8.004081 1302.532427 
8.004081 1301.732019 
8.004081 1300.931611 
8.004081 1300.131203 
8.004081 1299.330795 
8.004081 1298.530387 
8.004081 1297.729979 
8.004081 1296.929571 
8.004081 1296.129163 
8.004081 1295.328755 
8.004081 1294.528347 
8.004081 1293.727939 
8.004081 1292.927531 
8.004081 1292.127123 
8.004081 1291.326714 
8.004081 1290.526306 
8.004081 1289.725898 
8.004081 1288.925490 
8.004081 1288.125082 
8.004081 1287.324674 
8.004081 1286.524266 
8.004081 1285.723858 
8.004081 1284.923450 
8.004081 1284.123042 
8.004081 1283.322634 
8.004081 1282.522226 
8.004081 1281.721818 
8.004081 1280.921410 
8.004081 1280.121002 
8.004081 1279.320594 
8.004081 1278.520186 
8.004081 1277.719777 
8.004081 1276.919369 
8.004081 1276.118961 
8.004081 1275.318553 
8.004081 1274.518145 
8.004081 1273.717737 
8.004081 1272.917329 
8.004081 1272.116921 
8.004081 1271.316513 
8.004081 1270.516105 
8.004081 1269.715697 
8.004081 1268.915289 
8.004081 1268.114881 
8.004081 1267.314473 
8.004081 1266.514065 
8.004081 1265.713657 
8.004081 1264.913249 
8.004081 1264.112840 
8.004081 1263.312432 
8.004081 1262.512024 
8.004081 1261.711616 
8.004081 1260.911208 
8.004081 1260.110800 
8.004081 1259.310392 
8.004081 1258.509984 
8.004081 1257.709576 
8.004081 1256.909168 
8.004081 1256.108760 
8.004081 1255.308352 
8.004081 1254.507944 
8.004081 1253.707536 
8.004081 1252.907128 
8.004081 1252.106720 
8.004081 1251.306312 
8.004081 1250.505903 
8.004081 1249.705495 
8.004081 1248.905087 
8.004081 1248.104679 
8.004081 1247.304271 
8.004081 1246.503863 
8.004081 1245.703455 
8.004081 1244.903047 
8.004081 1244.102639 
8.004081 1243.302231 
8.004081 1242.501823 
8.004081 1241.701415 
8.004081 1240.901007 
8.004081 1240.100599 
8.004081 1239.300191 
8.004081 1238.499783 
8.004081 1237.699375 
8.004081 1236.898966 
8.004081 1236.098558 
8.004081 1235.298150 
8.004081 1234.497742 
8.004081 1233.697334 
8.004081 1232.896926 
8.004081 1232.096518 
8.004081 1231.296110 
8.004081 1230.495702 
8.004081 1229.695294 
8.004081 1228.894886 
8.004081 1228.094478 
8.004081 1227.294070 
8.004081 1226.493662 
8.004081 1225.693254 
8.004081 1224.892846 
8.004081 1224.092437 
8.004081 1223.292029 
8.004081 1222.491621 
8.004081 1221.691213 
8.004081 1220.890805 
8.004081 1220.090397 
8.004081 1219.289989 
8.004081 1218.489581 
8.004081 1217.689173 
8.004081 1216.888765 
8.004081 1216.088357 
8.004081 1215.287949 
8.004081 1214.487541 
8.004081 1213.687133 
8.004081 1212.886725 
8.004081 1212.086317 
8.004081 1211.285909 
8.004081 1210.485500 
8.004081 1209.685092 
8.004081 1208.884684 
8.004081 1208.084276 
8.004081 1207.283868 
8.004081 1206.483460 
8.004081 1205.683052 
8.004081 1204.882644 
8.004081 1204.082236 
8.004081 1203.281828 
8.004081 1202.481420 
8.004081 1201.681012 
8.004081 1200.880604 
8.004081 1200.080196 
8.004081 1199.279788 
8.004081 1198.479380 
8.004081 1197.678972 
8.004081 1196.878563 
8.004081 1196.078155 
8.004081 1195.277747 
8.004081 1194.477339 
8.004081 1193.676931 
8.004081 1192.876523 
8.004081 1192.076115 
8.004081 1191.275707 
8.004081 1190.475299 
8.004081 1189.674891 
8.004081 1188.874483 
8.004081 1188.074075 
8.004081 1187.273667 
8.004081 1186.473259 
8.004081 1185.672851 
8.004081 1184.872443 
8.004081 1184.072035 
8.004081 1183.271626 
8.004081 1182.471218 
8.004081 1181.670810 
8.004081 1180.870402 
8.004081 1180.069994 
8.004081 1179.269586 
8.004081 1178.469178 
8.004081 1177.668770 
8.004081 1176.868362 
8.004081 1176.067954 
8.004081 1175.267546 
8.004081 1174.467138 
8.004081 1173.666730 
8.004081 1172.866322 
8.004081 1172.065914 
8.004081 1171.265506 
8.004081 1170.465098 
8.004081 1169.664689 
8.004081 1168.864281 
8.004081 1168.063873 
8.004081 1167.263465 
8.004081 1166.463057 
8.004081 1165.662649 
8.004081 1164.862241 
8.004081 1164.061833 
8.004081 1163.261425 
8.004081 1162.461017 
8.004081 1161.660609 
8.004081 1160.860201 
8.004081 1160.059793 
8.004081 1159.259385 
8.004081 1158.458977 
8.004081 1157.658569 
8.004081 1156.858161 
8.004081 1156.057752 
8.004081 1155.257344 
8.004081 1154.456936 
8.004081 1153.656528 
8.004081 1152.856120 
8.004081 1152.055712 
8.004081 1151.255304 
8.004081 1150.454896 
8.004081 1149.654488 
8.004081 1148.854080 
8.004081 1148.053672 
8.004081 1147.253264 
8.004081 1146.452856 
8.004081 1145.652448 
8.004081 1144.852040 
8.004081 1144.051632 
8.004081 1143.251224 
8.004081 1142.450815 
8.004081 1141.650407 
8.004081 1140.849999 
8.004081 1140.049591 
8.004081 1139.249183 
8.004081 1138.448775 
8.004081 1137.648367 
8.004081 1136.847959 
8.004081 1136.047551 
8.004081 1135.247143 
8.004081 1134.446735 
8.004081 1133.646327 
8.004081 1132.845919 
8.004081 1132.045511 
8.004081 1131.245103 
8.004081 1130.444695 
8.004081 1129.644287 
8.004081 1128.843878 
8.004081 1128.043470 
8.004081 1127.243062 
8.004081 1126.442654 
8.004081 1125.642246 
8.004081 1124.841838 
8.004081 1124.041430 
8.004081 1123.241022 
8.004081 1122.440614 
8.004081 1121.640206 
8.004081 1120.839798 
8.004081 1120.039390 
8.004081 1119.238982 
8.004081 1118.438574 
8.004081 1117.638166 
8.004081 1116.837758 
8.004081 1116.037350 
8.004081 1115.236941 
8.004081 1114.436533 
8.004081 1113.636125 
8.004081 1112.835717 
8.004081 1112.035309 
8.004081 1111.234901 
8.004081 1110.434493 
8.004081 1109.634085 
8.004081 1108.833677 
8.004081 1108.033269 
8.004081 1107.232861 
8.004081 1106.432453 
8.004081 1105.632045 
8.004081 1104.831637 
8.004081 1104.031229 
8.004081 1103.230821 
8.004081 1102.430412 
8.004081 1101.630004 
8.004081 1100.829596 
8.004081 1100.029188 
8.004081 1099.228780 
8.004081 1098.428372 
8.004081 1097.627964 
8.004081 1096.827556 
8.004081 1096.027148 
8.004081 1095.226740 
8.004081 1094.426332 
8.004081 1093.625924 
8.004081 1092.825516 
8.004081 1092.025108 
8.004081 1091.224700 
8.004081 1090.424292 
8.004081 1089.623884 
8.004081 1088.823475 
8.004081 1088.023067 
8.004081 1087.222659 
8.004081 1086.422251 
8.004081 1085.621843 
8.004081 1084.821435 
8.004081 1084.021027 
8.004081 1083.220619 
8.004081 1082.420211 
8.004081 1081.619803 
8.004081 1080.819395 
8.004081 1080.018987 
8.004081 1079.218579 
8.004081 1078.418171 
8.004081 1077.617763 
8.004081 1076.817355 
8.004081 1076.016947 
8.004081 1075.216538 
8.004081 1074.416130 
8.004081 1073.615722 
8.004081 1072.815314 
8.004081 1072.014906 
8.004081 1071.214498 
8.004081 1070.414090 
8.004081 1069.613682 
8.004081 1068.813274 
8.004081 1068.012866 
8.004081 1067.212458 
8.004081 1066.412050 
8.004081 1065.611642 
8.004081 1064.811234 
8.004081 1064.010826 
8.004081 1063.210418 
8.004081 1062.410010 
8.004081 1061.609601 
8.004081 1060.809193 
8.004081 1060.008785 
8.004081 1059.208377 
8.004081 1058.407969 
8.004081 1057.607561 
8.004081 1056.807153 
8.004081 1056.006745 
8.004081 1055.206337 
8.004081 1054.405929 
8.004081 1053.605521 
8.004081 1052.805113 
8.004081 1052.004705 
8.004081 1051.204297 
8.004081 1050.403889 
8.004081 1049.603481 
8.004081 1048.803073 
8.004081 1048.002664 
8.004081 1047.202256 
8.004081 1046.401848 
8.004081 1045.601440 
8.004081 1044.801032 
8.004081 1044.000624 
8.004081 1043.200216 
8.004081 1042.399808 
8.004081 1041.599400 
8.004081 1040.798992 
8.004081 1039.998584 
8.004081 1039.198176 
8.004081 1038.397768 
8.004081 1037.597360 
8.004081 1036.796952 
8.004081 1035.996544 
8.004081 1035.196136 
8.004081 1034.395727 
8.004081 1033.595319 
8.004081 1032.794911 
8.004081 1031.994503 
8.004081 1031.194095 
8.004081 1030.393687 
8.004081 1029.593279 
8.004081 1028.792871 
8.004081 1027.992463 
8.004081 1027.192055 
8.004081 1026.391647 
8.004081 1025.591239 
8.004081 1024.790831 
8.004081 1023.990423 
8.004081 1023.190015 
8.004081 1022.389607 
8.004081 1021.589199 
8.004081 1020.788790 
8.004081 1019.988382 
8.004081 1019.187974 
8.004081 1018.387566 
8.004081 1017.587158 
8.004081 1016.786750 
8.004081 1015.986342 
8.004081 1015.185934 
8.004081 1014.385526 
8.004081 1013.585118 
8.004081 1012.784710 
8.004081 1011.984302 
8.004081 1011.183894 
8.004081 1010.383486 
8.004081 1009.583078 
8.004081 1008.782670 
8.004081 1007.982262 
8.004081 1007.181853 
8.004081 1006.381445 
8.004081 1005.581037 
8.004081 1004.780629 
8.004081 1003.980221 
8.004081 1003.179813 
8.004081 1002.379405 
8.004081 1001.578997 
8.004081 1000.778589 
8.004081 999.978181 
8.004081 999.177773 
8.004081 998.377365 
8.004081 997.576957 
8.004081 996.776549 
8.004081 995.976141 
8.004081 995.175733 
8.004081 994.375325 
8.004081 993.574916 
8.004081 992.774508 
8.004081 991.974100 
8.004081 991.173692 
8.004081 990.373284 
8.004081 989.572876 
8.004081 988.772468 
8.004081 987.972060 
8.004081 987.171652 
8.004081 986.371244 
8.004081 985.570836 
8.004081 984.770428 
8.004081 983.970020 
8.004081 983.169612 
8.004081 982.369204 
8.004081 981.568796 
8.004081 980.768387 
8.004081 979.967979 
8.004081 979.167571 
8.004081 978.367163 
8.004081 977.566755 
8.004081 976.766347 
8.004081 975.965939 
8.004081 975.165531 
8.004081 974.365123 
8.004081 973.564715 
8.004081 972.764307 
8.004081 971.963899 
8.004081 971.163491 
8.004081 970.363083 
8.004081 969.562675 
8.004081 968.762267 
8.004081 967.961859 
8.004081 967.161450 
8.004081 966.361042 
8.004081 965.560634 
8.004081 964.760226 
8.004081 963.959818 
8.004081 963.159410 
8.004081 962.359002 
8.004081 961.558594 
8.004081 960.758186 
8.004081 959.957778 
8.004081 959.157370 
8.004081 958.356962 
8.004081 957.556554 
8.004081 956.756146 
8.004081 955.955738 
8.004081 955.155330 
8.004081 954.354922 
8.004081 953.554513 
8.004081 952.754105 
8.004081 951.953697 
8.004081 951.153289 
8.004081 950.352881 
8.004081 949.552473 
8.004081 948.752065 
8.004081 947.951657 
8.004081 947.151249 
8.004081 946.350841 
8.004081 945.550433 
8.004081 944.750025 
8.004081 943.949617 
8.004081 943.149209 
8.004081 942.348801 
8.004081 941.548393 
8.004081 940.747985 
8.004081 939.947576 
8.004081 939.147168 
8.004081 938.346760 
8.004081 937.546352 
8.004081 936.745944 
8.004081 935.945536 
8.004081 935.145128 
8.004081 934.344720 
8.004081 933.544312 
8.004081 932.743904 
8.004081 931.943496 
8.004081 931.143088 
8.004081 930.342680 
8.004081 929.542272 
8.004081 928.741864 
8.004081 927.941456 
8.004081 927.141048 
8.004081 926.340639 
8.004081 925.540231 
8.004081 924.739823 
8.004081 923.939415 
8.004081 923.139007 
8.004081 922.338599 
8.004081 921.538191 
8.004081 920.737783 
8.004081 919.937375 
8.004081 919.136967 
8.004081 918.336559 
8.004081 917.536151 
8.004081 916.735743 
8.004081 915.935335 
8.004081 915.134927 
8.004081 914.334519 
8.004081 913.534111 
8.004081 912.733702 
8.004081 911.933294 
8.004081 911.132886 
8.004081 910.332478 
8.004081 909.532070 
8.004081 908.731662 
8.004081 907.931254 
8.004081 907.130846 
8.004081 906.330438 
8.004081 905.530030 
8.004081 904.729622 
8.004081 903.929214 
8.004081 903.128806 
8.004081 902.328398 
8.004081 901.527990 
8.004081 900.727582 
8.004081 899.927174 
8.004081 899.126765 
8.004081 898.326357 
8.004081 897.525949 
8.004081 896.725541 
8.004081 895.925133 
8.004081 895.124725 
8.004081 894.324317 
8.004081 893.523909 
8.004081 892.723501 
8.004081 891.923093 
8.004081 891.122685 
8.004081 890.322277 
8.004081 889.521869 
8.004081 888.721461 
8.004081 887.921053 
8.004081 887.120645 
8.004081 886.320237 
8.004081 885.519828 
8.004081 884.719420 
8.004081 883.919012 
8.004081 883.118604 
8.004081 882.318196 
8.004081 881.517788 
8.004081 880.717380 
8.004081 879.916972 
8.004081 879.116564 
8.004081 878.316156 
8.004081 877.515748 
8.004081 876.715340 
8.004081 875.914932 
8.004081 875.114524 
8.004081 874.314116 
8.004081 873.513708 
8.004081 872.713300 
8.004081 871.912891 
8.004081 871.112483 
8.004081 870.312075 
8.004081 869.511667 
8.004081 868.711259 
8.004081 867.910851 
8.004081 867.110443 
8.004081 866.310035 
8.004081 865.509627 
8.004081 864.709219 
8.004081 863.908811 
8.004081 863.108403 
8.004081 862.307995 
8.004081 861.507587 
8.004081 860.707179 
8.004081 859.906771 
8.004081 859.106363 
8.004081 858.305954 
8.004081 857.505546 
8.004081 856.705138 
8.004081 855.904730 
8.004081 855.104322 
8.004081 854.303914 
8.004081 853.503506 
8.004081 852.703098 
8.004081 851.902690 
8.004081 851.102282 
8.004081 850.301874 
8.004081 849.501466 
8.004081 848.701058 
8.004081 847.900650 
8.004081 847.100242 
8.004081 846.299834 
8.004081 845.499425 
8.004081 844.699017 
8.004081 843.898609 
8.004081 843.098201 
8.004081 842.297793 
8.004081 841.497385 
8.004081 840.696977 
8.004081 839.896569 
8.004081 839.096161 
8.004081 838.295753 
8.004081 837.495345 
8.004081 836.694937 
8.004081 835.894529 
8.004081 835.094121 
8.004081 834.293713 
8.004081 833.493305 
8.004081 832.692897 
8.004081 831.892488 
8.004081 831.092080 
8.004081 830.291672 
8.004081 829.491264 
8.004081 828.690856 
8.004081 827.890448 
8.004081 827.090040 
8.004081 826.289632 
8.004081 825.489224 
8.004081 824.688816 
8.004081 823.888408 
8.004081 823.088000 
8.004081 822.287592 
8.004081 821.487184 
8.004081 820.686776 
8.004081 819.886368 
8.004081 819.085960 
8.004081 818.285551 
8.004081 817.485143 
8.004081 816.684735 
8.004081 815.884327 
8.004081 815.083919 
8.004081 814.283511 
8.004081 813.483103 
8.004081 812.682695 
8.004081 811.882287 
8.004081 811.081879 
8.004081 810.281471 
8.004081 809.481063 
8.004081 808.680655 
8.004081 807.880247 
8.004081 807.079839 
8.004081 806.279431 
8.004081 805.479023 
8.004081 804.678614 
8.004081 803.878206 
8.004081 803.077798 
8.004081 802.277390 
8.004081 801.476982 
8.004081 800.676574 
8.004081 799.876166 
8.004081 799.075758 
8.004081 798.275350 
8.004081 797.474942 
8.004081 796.674534 
8.004081 795.874126 
8.004081 795.073718 
8.004081 794.273310 
8.004081 793.472902 
8.004081 792.672494 
8.004081 791.872086 
8.004081 791.071677 
8.004081 790.271269 
8.004081 789.470861 
8.004081 788.670453 
8.004081 787.870045 
8.004081 787.069637 
8.004081 786.269229 
8.004081 785.468821 
8.004081 784.668413 
8.004081 783.868005 
8.004081 783.067597 
8.004081 782.267189 
8.004081 781.466781 
8.004081 780.666373 
8.004081 779.865965 
8.004081 779.065557 
8.004081 778.265149 
8.004081 777.464740 
8.004081 776.664332 
8.004081 775.863924 
8.004081 775.063516 
8.004081 774.263108 
8.004081 773.462700 
8.004081 772.662292 
8.004081 771.861884 
8.004081 771.061476 
8.004081 770.261068 
8.004081 769.460660 
8.004081 768.660252 
8.004081 767.859844 
8.004081 767.059436 
8.004081 766.259028 
8.004081 765.458620 
8.004081 764.658212 
8.004081 763.857803 
8.004081 763.057395 
8.004081 762.256987 
8.004081 761.456579 
8.004081 760.656171 
8.004081 759.855763 
8.004081 759.055355 
8.004081 758.254947 
8.004081 757.454539 
8.004081 756.654131 
8.004081 755.853723 
8.004081 755.053315 
8.004081 754.252907 
8.004081 753.452499 
8.004081 752.652091 
8.004081 751.851683 
8.004081 751.051275 
8.004081 750.250866 
8.004081 749.450458 
8.004081 748.650050 
8.004081 747.849642 
8.004081 747.049234 
8.004081 746.248826 
8.004081 745.448418 
8.004081 744.648010 
8.004081 743.847602 
8.004081 743.047194 
8.004081 742.246786 
8.004081 741.446378 
8.004081 740.645970 
8.004081 739.845562 
8.004081 739.045154 
8.004081 738.244746 
8.004081 737.444338 
8.004081 736.643929 
8.004081 735.843521 
8.004081 735.043113 
8.004081 734.242705 
8.004081 733.442297 
8.004081 732.641889 
8.004081 731.841481 
8.004081 731.041073 
8.004081 730.240665 
8.004081 729.440257 
8.004081 728.639849 
8.004081 727.839441 
8.004081 727.039033 
8.004081 726.238625 
8.004081 725.438217 
8.004081 724.637809 
8.004081 723.837400 
8.004081 723.036992 
8.004081 722.236584 
8.004081 721.436176 
8.004081 720.635768 
8.004081 719.835360 
8.004081 719.034952 
8.004081 718.234544 
8.004081 717.434136 
8.004081 716.633728 
8.004081 715.833320 
8.004081 715.032912 
8.004081 714.232504 
8.004081 713.432096 
8.004081 712.631688 
8.004081 711.831280 
8.004081 711.030872 
8.004081 710.230463 
8.004081 709.430055 
8.004081 708.629647 
8.004081 707.829239 
8.004081 707.028831 
8.004081 706.228423 
8.004081 705.428015 
8.004081 704.627607 
8.004081 703.827199 
8.004081 703.026791 
8.004081 702.226383 
8.004081 701.425975 
8.004081 700.625567 
8.004081 699.825159 
8.004081 699.024751 
8.004081 698.224343 
8.004081 697.423935 
8.004081 696.623526 
8.004081 695.823118 
8.004081 695.022710 
8.004081 694.222302 
8.004081 693.421894 
8.004081 692.621486 
8.004081 691.821078 
8.004081 691.020670 
8.004081 690.220262 
8.004081 689.419854 
8.004081 688.619446 
8.004081 687.819038 
8.004081 687.018630 
8.004081 686.218222 
8.004081 685.417814 
8.004081 684.617406 
8.004081 683.816998 
8.004081 683.016589 
8.004081 682.216181 
8.004081 681.415773 
8.004081 680.615365 
8.004081 679.814957 
8.004081 679.014549 
8.004081 678.214141 
8.004081 677.413733 
8.004081 676.613325 
8.004081 675.812917 
8.004081 675.012509 
8.004081 674.212101 
8.004081 673.411693 
8.004081 672.611285 
8.004081 671.810877 
8.004081 671.010469 
8.004081 670.210061 
8.004081 669.409652 
8.004081 668.609244 
8.004081 667.808836 
8.004081 667.008428 
8.004081 666.208020 
8.004081 665.407612 
8.004081 664.607204 
8.004081 663.806796 
8.004081 663.006388 
8.004081 662.205980 
8.004081 661.405572 
8.004081 660.605164 
8.004081 659.804756 
8.004081 659.004348 
8.004081 658.203940 
8.004081 657.403532 
8.004081 656.603124 
8.004081 655.802715 
8.004081 655.002307 
8.004081 654.201899 
8.004081 653.401491 
8.004081 652.601083 
8.004081 651.800675 
8.004081 651.000267 
8.004081 650.199859 
8.004081 649.399451 
8.004081 648.599043 
8.004081 647.798635 
8.004081 646.998227 
8.004081 646.197819 
8.004081 645.397411 
8.004081 644.597003 
8.004081 643.796595 
8.004081 642.996187 
8.004081 642.195778 
8.004081 641.395370 
8.004081 640.594962 
8.004081 639.794554 
8.004081 638.994146 
8.004081 638.193738 
8.004081 637.393330 
8.004081 636.592922 
8.004081 635.792514 
8.004081 634.992106 
8.004081 634.191698 
8.004081 633.391290 
8.004081 632.590882 
8.004081 631.790474 
8.004081 630.990066 
8.004081 630.189658 
8.004081 629.389250 
8.004081 628.588841 
8.004081 627.788433 
8.004081 626.988025 
8.004081 626.187617 
8.004081 625.387209 
8.004081 624.586801 
8.004081 623.786393 
8.004081 622.985985 
8.004081 622.185577 
8.004081 621.385169 
8.004081 620.584761 
8.004081 619.784353 
8.004081 618.983945 
8.004081 618.183537 
8.004081 617.383129 
8.004081 616.582721 
8.004081 615.782313 
8.004081 614.981904 
8.004081 614.181496 
8.004081 613.381088 
8.004081 612.580680 
8.004081 611.780272 
8.004081 610.979864 
8.004081 610.179456 
8.004081 609.379048 
8.004081 608.578640 
8.004081 607.778232 
8.004081 606.977824 
8.004081 606.177416 
8.004081 605.377008 
8.004081 604.576600 
8.004081 603.776192 
8.004081 602.975784 
8.004081 602.175376 
8.004081 601.374967 
8.004081 600.574559 
8.004081 599.774151 
8.004081 598.973743 
8.004081 598.173335 
8.004081 597.372927 
8.004081 596.572519 
8.004081 595.772111 
8.004081 594.971703 
8.004081 594.171295 
8.004081 593.370887 
8.004081 592.570479 
8.004081 591.770071 
8.004081 590.969663 
8.004081 590.169255 
8.004081 589.368847 
8.004081 588.568438 
8.004081 587.768030 
8.004081 586.967622 
8.004081 586.167214 
8.004081 585.366806 
8.004081 584.566398 
8.004081 583.765990 
8.004081 582.965582 
8.004081 582.165174 
8.004081 581.364766 
8.004081 580.564358 
8.004081 579.763950 
8.004081 578.963542 
8.004081 578.163134 
8.004081 577.362726 
8.004081 576.562318 
8.004081 575.761910 
8.004081 574.961501 
8.004081 574.161093 
8.004081 573.360685 
8.004081 572.560277 
8.004081 571.759869 
8.004081 570.959461 
8.004081 570.159053 
8.004081 569.358645 
8.004081 568.558237 
8.004081 567.757829 
8.004081 566.957421 
8.004081 566.157013 
8.004081 565.356605 
8.004081 564.556197 
8.004081 563.755789 
8.004081 562.955381 
8.004081 562.154973 
8.004081 561.354564 
8.004081 560.554156 
8.004081 559.753748 
8.004081 558.953340 
8.004081 558.152932 
8.004081 557.352524 
8.004081 556.552116 
8.004081 555.751708 
8.004081 554.951300 
8.004081 554.150892 
8.004081 553.350484 
8.004081 552.550076 
8.004081 551.749668 
8.004081 550.949260 
8.004081 550.148852 
8.004081 549.348444 
8.004081 548.548036 
8.004081 547.747627 
8.004081 546.947219 
8.004081 546.146811 
8.004081 545.346403 
8.004081 544.545995 
8.004081 543.745587 
8.004081 542.945179 
8.004081 542.144771 
8.004081 541.344363 
8.004081 540.543955 
8.004081 539.743547 
8.004081 538.943139 
8.004081 538.142731 
8.004081 537.342323 
8.004081 536.541915 
8.004081 535.741507 
8.004081 534.941099 
8.004081 534.140690 
8.004081 533.340282 
8.004081 532.539874 
8.004081 531.739466 
8.004081 530.939058 
8.004081 530.138650 
8.004081 529.338242 
8.004081 528.537834 
8.004081 527.737426 
8.004081 526.937018 
8.004081 526.136610 
8.004081 525.336202 
8.004081 524.535794 
8.004081 523.735386 
8.004081 522.934978 
8.004081 522.134570 
8.004081 521.334162 
8.004081 520.533753 
8.004081 519.733345 
8.004081 518.932937 
8.004081 518.132529 
8.004081 517.332121 
8.004081 516.531713 
8.004081 515.731305 
8.004081 514.930897 
8.004081 514.130489 
8.004081 513.330081 
8.004081 512.529673 
8.004081 511.729265 
8.004081 510.928857 
8.004081 510.128449 
8.004081 509.328041 
8.004081 508.527633 
8.004081 507.727225 
8.004081 506.926816 
8.004081 506.126408 
8.004081 505.326000 
8.004081 504.525592 
8.004081 503.725184 
8.004081 502.924776 
8.004081 502.124368 
8.004081 501.323960 
8.004081 500.523552 
8.004081 499.723144 
8.004081 498.922736 
8.004081 498.122328 
8.004081 497.321920 
8.004081 496.521512 
8.004081 495.721104 
8.004081 494.920696 
8.004081 494.120288 
8.004081 493.319879 
8.004081 492.519471 
8.004081 491.719063 
8.004081 490.918655 
8.004081 490.118247 
8.004081 489.317839 
8.004081 488.517431 
8.004081 487.717023 
8.004081 486.916615 
8.004081 486.116207 
8.004081 485.315799 
8.004081 484.515391 
8.004081 483.714983 
8.004081 482.914575 
8.004081 482.114167 
8.004081 481.313759 
8.004081 480.513351 
8.004081 479.712942 
8.004081 478.912534 
8.004081 478.112126 
8.004081 477.311718 
8.004081 476.511310 
8.004081 475.710902 
8.004081 474.910494 
8.004081 474.110086 
8.004081 473.309678 
8.004081 472.509270 
8.004081 471.708862 
8.004081 470.908454 
8.004081 470.108046 
8.004081 469.307638 
8.004081 468.507230 
8.004081 467.706822 
8.004081 466.906413 
8.004081 466.106005 
8.004081 465.305597 
8.004081 464.505189 
8.004081 463.704781 
8.004081 462.904373 
8.004081 462.103965 
8.004081 461.303557 
8.004081 460.503149 
8.004081 459.702741 
8.004081 458.902333 
8.004081 458.101925 
8.004081 457.301517 
8.004081 456.501109 
8.004081 455.700701 
8.004081 454.900293 
8.004081 454.099885 
8.004081 453.299476 
8.004081 452.499068 
8.004081 451.698660 
8.004081 450.898252 
8.004081 450.097844 
8.004081 449.297436 
8.004081 448.497028 
8.004081 447.696620 
8.004081 446.896212 
8.004081 446.095804 
8.004081 445.295396 
8.004081 444.494988 
8.004081 443.694580 
8.004081 442.894172 
8.004081 442.093764 
8.004081 441.293356 
8.004081 440.492948 
8.004081 439.692539 
8.004081 438.892131 
8.004081 438.091723 
8.004081 437.291315 
8.004081 436.490907 
8.004081 435.690499 
8.004081 434.890091 
8.004081 434.089683 
8.004081 433.289275 
8.004081 432.488867 
8.004081 431.688459 
8.004081 430.888051 
8.004081 430.087643 
8.004081 429.287235 
8.004081 428.486827 
8.004081 427.686419 
8.004081 426.886011 
8.004081 426.085602 
8.004081 425.285194 
8.004081 424.484786 
8.004081 423.684378 
8.004081 422.883970 
8.004081 422.083562 
8.004081 421.283154 
8.004081 420.482746 
8.004081 419.682338 
8.004081 418.881930 
8.004081 418.081522 
8.004081 417.281114 
8.004081 416.480706 
8.004081 415.680298 
8.004081 414.879890 
8.004081 414.079482 
8.004081 413.279074 
8.004081 412.478665 
8.004081 411.678257 
8.004081 410.877849 
8.004081 410.077441 
8.004081 409.277033 
8.004081 408.476625 
8.004081 407.676217 
8.004081 406.875809 
8.004081 406.075401 
8.004081 405.274993 
8.004081 404.474585 
8.004081 403.674177 
8.004081 402.873769 
8.004081 402.073361 
8.004081 401.272953 
8.004081 400.472545 
8.004081 399.672137 
8.004081 398.871728 
8.004081 398.071320 
8.004081 397.270912 
8.004081 396.470504 
8.004081 395.670096 
8.004081 394.869688 
8.004081 394.069280 
8.004081 393.268872 
8.004081 392.468464 
8.004081 391.668056 
8.004081 390.867648 
8.004081 390.067240 
8.004081 389.266832 
8.004081 388.466424 
8.004081 387.666016 
8.004081 386.865608 
8.004081 386.065200 
8.004081 385.264791 
8.004081 384.464383 
8.004081 383.663975 
8.004081 382.863567 
8.004081 382.063159 
8.004081 381.262751 
8.004081 380.462343 
8.004081 379.661935 
8.004081 378.861527 
8.004081 378.061119 
8.004081 377.260711 
8.004081 376.460303 
8.004081 375.659895 
8.004081 374.859487 
8.004081 374.059079 
8.004081 373.258671 
8.004081 372.458263 
8.004081 371.657854 
8.004081 370.857446 
8.004081 370.057038 
8.004081 369.256630 
8.004081 368.456222 
8.004081 367.655814 
8.004081 366.855406 
8.004081 366.054998 
8.004081 365.254590 
8.004081 364.454182 
8.004081 363.653774 
8.004081 362.853366 
8.004081 362.052958 
8.004081 361.252550 
8.004081 360.452142 
8.004081 359.651734 
8.004081 358.851326 
8.004081 358.050917 
8.004081 357.250509 
8.004081 356.450101 
8.004081 355.649693 
8.004081 354.849285 
8.004081 354.048877 
8.004081 353.248469 
8.004081 352.448061 
8.004081 351.647653 
8.004081 350.847245 
8.004081 350.046837 
8.004081 349.246429 
8.004081 348.446021 
8.004081 347.645613 
8.004081 346.845205 
8.004081 346.044797 
8.004081 345.244388 
8.004081 344.443980 
8.004081 343.643572 
8.004081 342.843164 
8.004081 342.042756 
8.004081 341.242348 
8.004081 340.441940 
8.004081 339.641532 
8.004081 338.841124 
8.004081 338.040716 
8.004081 337.240308 
8.004081 336.439900 
8.004081 335.639492 
8.004081 334.839084 
8.004081 334.038676 
8.004081 333.238268 
8.004081 332.437860 
8.004081 331.637451 
8.004081 330.837043 
8.004081 330.036635 
8.004081 329.236227 
8.004081 328.435819 
8.004081 327.635411 
8.004081 326.835003 
8.004081 326.034595 
8.004081 325.234187 
8.004081 324.433779 
8.004081 323.633371 
8.004081 322.832963 
8.004081 322.032555 
8.004081 321.232147 
8.004081 320.431739 
8.004081 319.631331 
8.004081 318.830923 
8.004081 318.030514 
8.004081 317.230106 
8.004081 316.429698 
8.004081 315.629290 
8.004081 314.828882 
8.004081 314.028474 
8.004081 313.228066 
8.004081 312.427658 
8.004081 311.627250 
8.004081 310.826842 
8.004081 310.026434 
8.004081 309.226026 
8.004081 308.425618 
8.004081 307.625210 
8.004081 306.824802 
8.004081 306.024394 
8.004081 305.223986 
8.004081 304.423577 
8.004081 303.623169 
8.004081 302.822761 
8.004081 302.022353 
8.004081 301.221945 
8.004081 300.421537 
8.004081 299.621129 
8.004081 298.820721 
8.004081 298.020313 
8.004081 297.219905 
8.004081 296.419497 
8.004081 295.619089 
8.004081 294.818681 
8.004081 294.018273 
8.004081 293.217865 
8.004081 292.417457 
8.004081 291.617049 
8.004081 290.816640 
8.004081 290.016232 
8.004081 289.215824 
8.004081 288.415416 
8.004081 287.615008 
8.004081 286.814600 
8.004081 286.014192 
8.004081 285.213784 
8.004081 284.413376 
8.004081 283.612968 
8.004081 282.812560 
8.004081 282.012152 
8.004081 281.211744 
8.004081 280.411336 
8.004081 279.610928 
8.004081 278.810520 
8.004081 278.010112 
8.004081 277.209703 
8.004081 276.409295 
8.004081 275.608887 
8.004081 274.808479 
8.004081 274.008071 
8.004081 273.207663 
8.004081 272.407255 
8.004081 271.606847 
8.004081 270.806439 
8.004081 270.006031 
8.004081 269.205623 
8.004081 268.405215 
8.004081 267.604807 
8.004081 266.804399 
8.004081 266.003991 
8.004081 265.203583 
8.004081 264.403175 
8.004081 263.602766 
8.004081 262.802358 
8.004081 262.001950 
8.004081 261.201542 
8.004081 260.401134 
8.004081 259.600726 
8.004081 258.800318 
8.004081 257.999910 
8.004081 257.199502 
8.004081 256.399094 
8.004081 255.598686 
8.004081 254.798278 
8.004081 253.997870 
8.004081 253.197462 
8.004081 252.397054 
8.004081 251.596646 
8.004081 250.796238 
8.004081 249.995829 
8.004081 249.195421 
8.004081 248.395013 
8.004081 247.594605 
8.004081 246.794197 
8.004081 245.993789 
8.004081 245.193381 
8.004081 244.392973 
8.004081 243.592565 
8.004081 242.792157 
8.004081 241.991749 
8.004081 241.191341 
8.004081 240.390933 
8.004081 239.590525 
8.004081 238.790117 
8.004081 237.989709 
8.004081 237.189301 
8.004081 236.388892 
8.004081 235.588484 
8.004081 234.788076 
8.004081 233.987668 
8.004081 233.187260 
8.004081 232.386852 
8.004081 231.586444 
8.004081 230.786036 
8.004081 229.985628 
8.004081 229.185220 
8.004081 228.384812 
8.004081 227.584404 
8.004081 226.783996 
8.004081 225.983588 
8.004081 225.183180 
8.004081 224.382772 
8.004081 223.582364 
8.004081 222.781955 
8.004081 221.981547 
8.004081 221.181139 
8.004081 220.380731 
8.004081 219.580323 
8.004081 218.779915 
8.004081 217.979507 
8.004081 217.179099 
8.004081 216.378691 
8.004081 215.578283 
8.004081 214.777875 
8.004081 213.977467 
8.004081 213.177059 
8.004081 212.376651 
8.004081 211.576243 
8.004081 210.775835 
8.004081 209.975426 
8.004081 209.175018 
8.004081 208.374610 
8.004081 207.574202 
8.004081 206.773794 
8.004081 205.973386 
8.004081 205.172978 
8.004081 204.372570 
8.004081 203.572162 
8.004081 202.771754 
8.004081 201.971346 
8.004081 201.170938 
8.004081 200.370530 
8.004081 199.570122 
8.004081 198.769714 
8.004081 197.969306 
8.004081 197.168898 
8.004081 196.368489 
8.004081 195.568081 
8.004081 194.767673 
8.004081 193.967265 
8.004081 193.166857 
8.004081 192.366449 
8.004081 191.566041 
8.004081 190.765633 
8.004081 189.965225 
8.004081 189.164817 
8.004081 188.364409 
8.004081 187.564001 
8.004081 186.763593 
8.004081 185.963185 
8.004081 185.162777 
8.004081 184.362369 
8.004081 183.561961 
8.004081 182.761552 
8.004081 181.961144 
8.004081 181.160736 
8.004081 180.360328 
8.004081 179.559920 
8.004081 178.759512 
8.004081 177.959104 
8.004081 177.158696 
8.004081 176.358288 
8.004081 175.557880 
8.004081 174.757472 
8.004081 173.957064 
8.004081 173.156656 
8.004081 172.356248 
8.004081 171.555840 
8.004081 170.755432 
8.004081 169.955024 
8.004081 169.154615 
8.004081 168.354207 
8.004081 167.553799 
8.004081 166.753391 
8.004081 165.952983 
8.004081 165.152575 
8.004081 164.352167 
8.004081 163.551759 
8.004081 162.751351 
8.004081 161.950943 
8.004081 161.150535 
8.004081 160.350127 
8.004081 159.549719 
8.004081 158.749311 
8.004081 157.948903 
8.004081 157.148495 
8.004081 156.348087 
8.004081 155.547678 
8.004081 154.747270 
8.004081 153.946862 
8.004081 153.146454 
8.004081 152.346046 
8.004081 151.545638 
8.004081 150.745230 
8.004081 149.944822 
8.004081 149.144414 
8.004081 148.344006 
8.004081 147.543598 
8.004081 146.743190 
8.004081 145.942782 
8.004081 145.142374 
8.004081 144.341966 
8.004081 143.541558 
8.004081 142.741150 
8.004081 141.940741 
8.004081 141.140333 
8.004081 140.339925 
8.004081 139.539517 
8.004081 138.739109 
8.004081 137.938701 
8.004081 137.138293 
8.004081 136.337885 
8.004081 135.537477 
8.004081 134.737069 
8.004081 133.936661 
8.004081 133.136253 
8.004081 132.335845 
8.004081 131.535437 
8.004081 130.735029 
8.004081 129.934621 
8.004081 129.134213 
8.004081 128.333804 
8.004081 127.533396 
8.004081 126.732988 
8.004081 125.932580 
8.004081 125.132172 
8.004081 124.331764 
8.004081 123.531356 
8.004081 122.730948 
8.004081 121.930540 
8.004081 121.130132 
8.004081 120.329724 
8.004081 119.529316 
8.004081 118.728908 
8.004081 117.928500 
8.004081 117.128092 
8.004081 116.327684 
8.004081 115.527276 
8.004081 114.726867 
8.004081 113.926459 
8.004081 113.126051 
8.004081 112.325643 
8.004081 111.525235 
8.004081 110.724827 
8.004081 109.924419 
8.004081 109.124011 
8.004081 108.323603 
8.004081 107.523195 
8.004081 106.722787 
8.004081 105.922379 
8.004081 105.121971 
8.004081 104.321563 
8.004081 103.521155 
8.004081 102.720747 
8.004081 101.920339 
8.004081 101.119930 
8.004081 100.319522 
8.004081 99.519114 
8.004081 98.718706 
8.004081 97.918298 
8.004081 97.117890 
8.004081 96.317482 
8.004081 95.517074 
8.004081 94.716666 
8.004081 93.916258 
8.004081 93.115850 
8.004081 92.315442 
8.004081 91.515034 
8.004081 90.714626 
8.004081 89.914218 
8.004081 89.113810 
8.004081 88.313401 
8.004081 87.512993 
8.004081 86.712585 
8.004081 85.912177 
8.004081 85.111769 
8.004081 84.311361 
8.004081 83.510953 
8.004081 82.710545 
8.004081 81.910137 
8.004081 81.109729 
8.004081 80.309321 
8.004081 79.508913 
8.004081 78.708505 
8.004081 77.908097 
8.004081 77.107689 
8.004081 76.307281 
8.004081 75.506873 
8.004081 74.706464 
8.004081 73.906056 
8.004081 73.105648 
8.004081 72.305240 
8.004081 71.504832 
8.004081 70.704424 
8.004081 69.904016 
8.004081 69.103608 
8.004081 68.303200 
8.004081 67.502792 
8.004081 66.702384 
8.004081 65.901976 
8.004081 65.101568 
8.004081 64.301160 
8.004081 63.500752 
8.004081 62.700344 
8.004081 61.899936 
8.004081 61.099527 
8.004081 60.299119 
8.004081 59.498711 
8.004081 58.698303 
8.004081 57.897895 
8.004081 57.097487 
8.004081 56.297079 
8.004081 55.496671 
8.004081 54.696263 
8.004081 53.895855 
8.004081 53.095447 
8.004081 52.295039 
8.004081 51.494631 
8.004081 50.694223 
8.004081 49.893815 
8.004081 49.093407 
8.004081 48.292999 
8.004081 47.492590 
8.004081 46.692182 
8.004081 45.891774 
8.004081 45.091366 
8.004081 44.290958 
8.004081 43.490550 
8.004081 42.690142 
8.004081 41.889734 
8.004081 41.089326 
8.004081 40.288918 
8.004081 39.488510 
8.004081 38.688102 
8.004081 37.887694 
8.004081 37.087286 
8.004081 36.286878 
8.004081 35.486470 
8.004081 34.686062 
8.004081 33.885653 
8.004081 33.085245 
8.004081 32.284837 
8.004081 31.484429 
8.004081 30.684021 
8.004081 29.883613 
8.004081 29.083205 
8.004081 28.282797 
8.004081 27.482389 
8.004081 26.681981 
8.004081 25.881573 
8.004081 25.081165 
8.004081 24.280757 
8.004081 23.480349 
8.004081 22.679941 
8.004081 21.879533 
8.004081 21.079125 
8.004081 20.278716 
8.004081 19.478308 
8.004081 18.677900 
8.004081 17.877492 
8.004081 17.077084 
8.004081 16.276676 
8.004081 15.476268 
8.004081 14.675860 
8.004081 13.875452 
8.004081 13.075044 
8.004081 12.274636 
8.004081 11.474228 
8.004081 10.673820 
8.004081 9.873412 
8.004081 9.073004 
8.004081 8.272596 
8.004081 7.472188 
8.004081 6.671779 
8.004081 5.871371 
8.004081 5.070963 
8.004081 4.270555 
8.004081 3.470147 
8.004081 2.669739 
8.004081 1.869331 
8.004081 1.068923 
8.004081 0.268515 
8.004081 -0.531893 
The total time is 327.000000