   0.0000000000    0.0000000000    0.0000000000   21.2132034356   21.2132034356 
   0.0050000000    0.1058417232    0.1057192710   21.1236294864   21.0746830246 
   0.0100000000    0.2112377214    0.2107485984   21.0349114482   20.9372235424 
   0.0150000000    0.3161922446    0.3150932500   20.9470375982   20.8008102197 
   0.0200000000    0.4207094851    0.4187584200   20.8599964255   20.6654285541 
   0.0250000000    0.5247935778    0.5217492312   20.7737766271   20.5310643036 
   0.0300000000    0.6284486018    0.6240707354   20.6883671020   20.3977034811 
   0.0350000000    0.7316785811    0.7257279155   20.6037569480   20.2653323484 
   0.0400000000    0.8344874857    0.8267256859   20.5199354563   20.1339374111 
   0.0450000000    0.9368792326    0.9270688945   20.4368921074   20.0035054126 
   0.0500000000    1.0388576865    1.0267623232   20.3546165675   19.8740233295 
   0.0550000000    1.1404266610    1.1258106896   20.2730986835   19.7454783658 
   0.0600000000    1.2415899194    1.2242186477   20.1923284797   19.6178579486 
   0.0650000000    1.3423511756    1.3219907894   20.1122961538   19.4911497227 
   0.0700000000    1.4427140947    1.4191316450   20.0329920729   19.3653415462 
   0.0750000000    1.5426822943    1.5156456850   19.9544067699   19.2404214856 
   0.0800000000    1.6422593448    1.6115373205   19.8765309404   19.1163778119 
   0.0850000000    1.7414487709    1.7068109046   19.7993554383   18.9931989953 
   0.0900000000    1.8402540514    1.8014707330   19.7228712734   18.8708737020 
   0.0950000000    1.9386786211    1.8955210455   19.6470696073   18.7493907891 
   0.1000000000    2.0367258705    1.9889660266   19.5719417508   18.6287393013 
   0.1050000000    2.1343991474    2.0818098063   19.4974791600   18.5089084664 
   0.1100000000    2.2317017569    2.1740564613   19.4236734342   18.3898876919 
   0.1150000000    2.3286369627    2.2657100159   19.3505163120   18.2716665609 
   0.1200000000    2.4252079875    2.3567744426   19.2779996691   18.1542348287 
   0.1250000000    2.5214180135    2.4472536631   19.2061155149   18.0375824191 
   0.1300000000    2.6172701836    2.5371515491   19.1348559902   17.9216994209 
   0.1350000000    2.7127676016    2.6264719234   19.0642133641   17.8065760848 
   0.1400000000    2.8079133328    2.7152185601   18.9941800316   17.6922028197 
   0.1450000000    2.9027104049    2.8033951860   18.9247485110   17.5785701896 
   0.1500000000    2.9971618086    2.8910054809   18.8559114414   17.4656689107 
   0.1550000000    3.0912704980    2.9780530787   18.7876615800   17.3534898480 
   0.1600000000    3.1850393912    3.0645415681   18.7199918003   17.2420240125 
   0.1650000000    3.2784713711    3.1504744928   18.6528950891   17.1312625583 
   0.1700000000    3.3715692857    3.2358553531   18.5863645445   17.0211967794 
   0.1750000000    3.4643359488    3.3206876058   18.5203933740   16.9118181075 
   0.1800000000    3.5567741406    3.4049746653   18.4549748916   16.8031181088 
   0.1850000000    3.6488866079    3.4887199042   18.3901025164   16.6950884817 
   0.1900000000    3.7406760651    3.5719266538   18.3257697702   16.5877210537 
   0.1950000000    3.8321451944    3.6545982049   18.2619702754   16.4810077795 
   0.2000000000    3.9232966461    3.7367378086   18.1986977534   16.3749407381 
   0.2050000000    4.0141330399    3.8183486764   18.1359460221   16.2695121305 
   0.2100000000    4.1046569642    3.8994339811   18.0737089946   16.1647142775 
   0.2150000000    4.1948709776    3.9799968578   18.0119806770   16.0605396170 
   0.2200000000    4.2847776090    4.0600404036   17.9507551666   15.9569807023 
   0.2250000000    4.3743793576    4.1395676788   17.8900266505   15.8540301994 
   0.2300000000    4.4636786943    4.2185817075   17.8297894033   15.7516808852 
   0.2350000000    4.5526780610    4.2970854778   17.7700377862   15.6499256451 
   0.2400000000    4.6413798722    4.3750819424   17.7107662445   15.5487574713 
   0.2450000000    4.7297865145    4.4525740194   17.6519693066   15.4481694605 
   0.2500000000    4.8179003473    4.5295645926   17.5936415824   15.3481548121 
   0.2550000000    4.9057237035    4.6060565120   17.5357777613   15.2487068261 
   0.2600000000    4.9932588894    4.6820525943   17.4783726114   15.1498189017 
   0.2650000000    5.0805081854    4.7575556236   17.4214209773   15.0514845349 
   0.2700000000    5.1674738465    4.8325683516   17.3649177793   14.9536973169 
   0.2750000000    5.2541581023    4.9070934981   17.3088580116   14.8564509325 
   0.2800000000    5.3405631575    4.9811337519   17.2532367411   14.7597391583 
   0.2850000000    5.4266911924    5.0546917705   17.1980491062   14.6635558610 
   0.2900000000    5.5125443633    5.1277701812   17.1432903151   14.5678949957 
   0.2950000000    5.5981248024    5.2003715812   17.0889556447   14.4727506046 
   0.3000000000    5.6834346188    5.2724985383   17.0350404396   14.3781168150 
   0.3050000000    5.7684758983    5.3441535907   16.9815401106   14.2839878381 
   0.3100000000    5.8532507038    5.4153392485   16.9284501335   14.1903579672 
   0.3150000000    5.9377610761    5.4860579929   16.8757660480   14.0972215768 
   0.3200000000    6.0220090335    5.5563122775   16.8234834566   14.0045731203 
   0.3250000000    6.1059965726    5.6261045282   16.7715980234   13.9124071295 
   0.3300000000    6.1897256685    5.6954371439   16.7201054728   13.8207182126 
   0.3350000000    6.2731982751    5.7643124966   16.6690015891   13.7295010530 
   0.3400000000    6.3564163252    5.8327329319   16.6182822146   13.6387504083 
   0.3450000000    6.4393817312    5.9007007696   16.5679432490   13.5484611085 
   0.3500000000    6.5220963850    5.9682183034   16.5179806484   13.4586280551 
   0.3550000000    6.6045621583    6.0352878021   16.4683904244   13.3692462198 
   0.3600000000    6.6867809033    6.1019115094   16.4191686427   13.2803106432 
   0.3650000000    6.7687544524    6.1680916442   16.3703114227   13.1918164336 
   0.3700000000    6.8504846188    6.2338304013   16.3218149360   13.1037587662 
   0.3750000000    6.9319731967    6.2991299515   16.2736754060   13.0161328813 
   0.3800000000    7.0132219615    6.3639924419   16.2258891068   12.9289340837 
   0.3850000000    7.0942326703    6.4284199964   16.1784523623   12.8421577416 
   0.3900000000    7.1750070617    6.4924147158   16.1313615452   12.7557992853 
   0.3950000000    7.2555468563    6.5559786782   16.0846130766   12.6698542062 
   0.4000000000    7.3358537572    6.6191139394   16.0382034247   12.5843180560 
   0.4050000000    7.4159294495    6.6818225330   15.9921291042   12.4991864455 
   0.4100000000    7.4957756013    6.7441064708   15.9463866757   12.4144550435 
   0.4150000000    7.5753938637    6.8059677433   15.9009727446   12.3301195761 
   0.4200000000    7.6547858707    6.8674083195   15.8558839604   12.2461758257 
   0.4250000000    7.7339532397    6.9284301475   15.8111170162   12.1626196300 
   0.4300000000    7.8128975718    6.9890351548   15.7666686477   12.0794468811 
   0.4350000000    7.8916204518    7.0492252486   15.7225356325   11.9966535246 
   0.4400000000    7.9701234484    7.1090023157   15.6787147898   11.9142355588 
   0.4450000000    8.0484081147    7.1683682233   15.6352029791   11.8321890339 
   0.4500000000    8.1264759881    7.2273248186   15.5919970999   11.7505100509 
   0.4550000000    8.2043285905    7.2858739299   15.5490940910   11.6691947610 
   0.4600000000    8.2819674288    7.3440173661   15.5064909299   11.5882393649 
   0.4650000000    8.3593939946    7.4017569171   15.4641846320   11.5076401118 
   0.4700000000    8.4366097649    7.4590943546   15.4221722500   11.4273932986 
   0.4750000000    8.5136162021    7.5160314314   15.3804508735   11.3474952693 
   0.4800000000    8.5904147539    7.5725698826   15.3390176281   11.2679424142 
   0.4850000000    8.6670068539    7.6287114249   15.2978696750   11.1887311692 
   0.4900000000    8.7433939214    7.6844577577   15.2570042105   11.1098580150 
   0.4950000000    8.8195773622    7.7398105628   15.2164184653   11.0313194765 
   0.5000000000    8.8955585677    7.7947715045   15.1761097038   10.9531121222 
   0.5050000000    8.9713389163    7.8493422303   15.1360752239   10.8752325630 
   0.5100000000    9.0469197727    7.9035243708   15.0963123562   10.7976774523 
   0.5150000000    9.1223024882    7.9573195401   15.0568184636   10.7204434850 
   0.5200000000    9.1974884012    8.0107293355   15.0175909407   10.6435273966 
   0.5250000000    9.2724788372    8.0637553384   14.9786272134   10.5669259631 
   0.5300000000    9.3472751088    8.1163991142   14.9399247383   10.4906359998 
   0.5350000000    9.4218785159    8.1686622123   14.9014810023   10.4146543614 
   0.5400000000    9.4962903459    8.2205461665   14.8632935221   10.3389779407 
   0.5450000000    9.5705118741    8.2720524953   14.8253598435   10.2636036687 
   0.5500000000    9.6445443633    8.3231827018   14.7876775416   10.1885285133 
   0.5550000000    9.7183890645    8.3739382740   14.7502442193   10.1137494795 
   0.5600000000    9.7920472165    8.4243206851   14.7130575080   10.0392636082 
   0.5650000000    9.8655200466    8.4743313938   14.6761150664    9.9650679761 
   0.5700000000    9.9388087704    8.5239718438   14.6394145802    9.8911596950 
   0.5750000000   10.0119145919    8.5732434649   14.6029537619    9.8175359114 
   0.5800000000   10.0848387037    8.6221476724   14.5667303502    9.7441938057 
   0.5850000000   10.1575822873    8.6706858678   14.5307421096    9.6711305920 
   0.5900000000   10.2301465131    8.7188594386   14.4949868303    9.5983435177 
   0.5950000000   10.3025325403    8.7666697586   14.4594623273    9.5258298627 
   0.6000000000   10.3747415174    8.8141181884   14.4241664403    9.4535869389 
   0.6050000000   10.4467745821    8.8612060748   14.3890970335    9.3816120902 
   0.6100000000   10.5186328617    8.9079347517   14.3542519948    9.3099026917 
   0.6150000000   10.5903174726    8.9543055398   14.3196292357    9.2384561492 
   0.6200000000   10.6618295210    9.0003197470   14.2852266912    9.1672698990 
   0.6250000000   10.7331701031    9.0459786684   14.2510423187    9.0963414072 
   0.6300000000   10.8043403045    9.0912835865   14.2170740985    9.0256681696 
   0.6350000000   10.8753412010    9.1362357714   14.1833200329    8.9552477110 
   0.6400000000   10.9461738584    9.1808364808   14.1497781459    8.8850775850 
   0.6450000000   11.0168393328    9.2250869604   14.1164464833    8.8151553736 
   0.6500000000   11.0873386704    9.2689884438   14.0833231120    8.7454786864 
   0.6550000000   11.1576729079    9.3125421526   14.0504061195    8.6760451608 
   0.6600000000   11.2278430724    9.3557492968   14.0176936143    8.6068524614 
   0.6650000000   11.2978501817    9.3986110747   13.9851837248    8.5378982794 
   0.6700000000   11.3676952443    9.4411286733   13.9528745996    8.4691803326 
   0.6750000000   11.4373792593    9.4833032680   13.9207644067    8.4006963648 
   0.6800000000   11.5069032169    9.5251360232   13.8888513337    8.3324441455 
   0.6850000000   11.5762680982    9.5666280920   13.8571335872    8.2644214695 
   0.6900000000   11.6454748753    9.6077806168   13.8256093926    8.1966261570 
   0.6950000000   11.7145245118    9.6485947289   13.7942769938    8.1290560524 
   0.7000000000   11.7834179620    9.6890715491   13.7631346529    8.0617090248 
   0.7050000000   11.8521561722    9.7292121875   13.7321806502    7.9945829674 
   0.7100000000   11.9207400796    9.7690177436   13.7014132835    7.9276757968 
   0.7150000000   11.9891706133    9.8084893068   13.6708308681    7.8609854535 
   0.7200000000   12.0574486938    9.8476279561   13.6404317366    7.7945099008 
   0.7250000000   12.1255752333    9.8864347605   13.6102142386    7.7282471249 
   0.7300000000   12.1935511361    9.9249107787   13.5801767402    7.6621951345 
   0.7350000000   12.2613772981    9.9630570598   13.5503176242    7.5963519608 
   0.7400000000   12.3290546070   10.0008746431   13.5206352895    7.5307156567 
   0.7450000000   12.3965839429   10.0383645580   13.4911281511    7.4652842968 
   0.7500000000   12.4639661779   10.0755278244   13.4617946397    7.4000559773 
   0.7550000000   12.5312021761   10.1123654530   13.4326332016    7.3350288153 
   0.7600000000   12.5982927941   10.1488784448   13.4036422984    7.2702009491 
   0.7650000000   12.6652388808   10.1850677916   13.3748204069    7.2055705372 
   0.7700000000   12.7320412774   10.2209344762   13.3461660185    7.1411357589 
   0.7750000000   12.7987008177   10.2564794722   13.3176776397    7.0768948134 
   0.7800000000   12.8652183280   10.2917037444   13.2893537912    7.0128459197 
   0.7850000000   12.9315946273   10.3266082486   13.2611930080    6.9489873166 
   0.7900000000   12.9978305274   10.3611939318   13.2331938392    6.8853172622 
   0.7950000000   13.0639268327   10.3954617326   13.2053548478    6.8218340339 
   0.8000000000   13.1298843405   10.4294125807   13.1776746105    6.7585359277 
   0.8050000000   13.1957038410   10.4630473976   13.1501517174    6.6954212586 
   0.8100000000   13.2613861176   10.4963670962   13.1227847720    6.6324883600 
   0.8150000000   13.3269319464   10.5293725814   13.0955723907    6.5697355836 
   0.8200000000   13.3923420968   10.5620647495   13.0685132031    6.5071612991 
   0.8250000000   13.4576173315   10.5944444892   13.0416058514    6.4447638940 
   0.8300000000   13.5227584061   10.6265126806   13.0148489903    6.3825417735 
   0.8350000000   13.5877660700   10.6582701964   12.9882412872    6.3204933603 
   0.8400000000   13.6526410654   10.6897179011   12.9617814213    6.2586170942 
   0.8450000000   13.7173841284   10.7208566517   12.9354680841    6.1969114321 
   0.8500000000   13.7819959883   10.7516872973   12.9092999792    6.1353748477 
   0.8550000000   13.8464773681   10.7822106794   12.8832758215    6.0740058314 
   0.8600000000   13.9108289843   10.8124276324   12.8573943377    6.0128028901 
   0.8650000000   13.9750515472   10.8423389827   12.8316542659    5.9517645469 
   0.8700000000   14.0391457606   10.8719455497   12.8060543555    5.8908893410 
   0.8750000000   14.1031123222   10.9012481456   12.7805933670    5.8301758276 
   0.8800000000   14.1669519237   10.9302475751   12.7552700716    5.7696225776 
   0.8850000000   14.2306652504   10.9589446361   12.7300832517    5.7092281776 
   0.8900000000   14.2942529817   10.9873401193   12.7050317001    5.6489912294 
   0.8950000000   14.3577157909   11.0154348085   12.6801142203    5.5889103502 
   0.9000000000   14.4210543454   11.0432294806   12.6553296259    5.5289841723 
   0.9050000000   14.4842693066   11.0707249058   12.6306767411    5.4692113429 
   0.9100000000   14.5473613303   11.0979218474   12.6061543999    5.4095905238 
   0.9150000000   14.6103310663   11.1248210622   12.5817614464    5.3501203918 
   0.9200000000   14.6731791585   11.1514233003   12.5574967346    5.2907996378 
   0.9250000000   14.7359062455   11.1777293054   12.5333591280    5.2316269673 
   0.9300000000   14.7985129598   11.2037398146   12.5093474999    5.1726010996 
   0.9350000000   14.8609999286   11.2294555589   12.4854607331    5.1137207684 
   0.9400000000   14.9233677734   11.2548772628   12.4616977193    5.0549847212 
   0.9450000000   14.9856171102   11.2800056445   12.4380573600    4.9963917191 
   0.9500000000   15.0477485496   11.3048414163   12.4145385654    4.9379405369 
   0.9550000000   15.1097626967   11.3293852843   12.3911402547    4.8796299630 
   0.9600000000   15.1716601511   11.3536379483   12.3678613561    4.8214587988 
   0.9650000000   15.2334415075   11.3776001026   12.3447008065    4.7634258593 
   0.9700000000   15.2951073547   11.4012724353   12.3216575513    4.7055299724 
   0.9750000000   15.3566582767   11.4246556288   12.2987305446    4.6477699790 
   0.9800000000   15.4180948522   11.4477503597   12.2759187489    4.5901447328 
   0.9850000000   15.4794176545   11.4705572989   12.2532211349    4.5326531002 
   0.9900000000   15.5406272521   11.4930771115   12.2306366815    4.4752939603 
   0.9950000000   15.6017242082   11.5153104574   12.2081643758    4.4180662046 
   1.0000000000   15.6627090811   11.5372579907   12.1858032128    4.3609687369 
   1.0050000000   15.7235824239   11.5589203601   12.1635521954    4.3040004734 
   1.0100000000   15.7843447850   11.5802982090   12.1414103345    4.2471603424 
   1.0150000000   15.8449967076   11.6013921753   12.1193766485    4.1904472842 
   1.0200000000   15.9055387301   11.6222028919   12.0974501633    4.1338602510 
   1.0250000000   15.9659713863   11.6427309862   12.0756299127    4.0773982067 
   1.0300000000   16.0262952047   11.6629770806   12.0539149376    4.0210601273 
   1.0350000000   16.0865107095   11.6829417924   12.0323042862    3.9648450001 
   1.0400000000   16.1466184199   11.7026257338   12.0107970143    3.9087518238 
   1.0450000000   16.2066188504   11.7220295122   11.9893921845    3.8527796089 
   1.0500000000   16.2665125109   11.7411537299   11.9680888667    3.7969273768 
   1.0550000000   16.3262999067   11.7599989843   11.9468861376    3.7411941604 
   1.0600000000   16.3859815384   11.7785658682   11.9257830811    3.6855790037 
   1.0650000000   16.4455579021   11.7968549696   11.9047787875    3.6300809615 
   1.0700000000   16.5050294894   11.8148668715   11.8838723543    3.5746990998 
   1.0750000000   16.5643967873   11.8326021526   11.8630628853    3.5194324953 
   1.0800000000   16.6236602784   11.8500613870   11.8423494912    3.4642802356 
   1.0850000000   16.6828204408   11.8672451441   11.8217312890    3.4092414187 
   1.0900000000   16.7418777485   11.8841539888   11.8012074022    3.3543151535 
   1.0950000000   16.8008326706   11.9007884817   11.7807769608    3.2995005591 
   1.1000000000   16.8596856724   11.9171491791   11.7604391009    3.2447967653 
   1.1050000000   16.9184372145   11.9332366326   11.7401929649    3.1902029121 
   1.1100000000   16.9770877535   11.9490513900   11.7200377014    3.1357181497 
   1.1150000000   17.0356377415   11.9645939945   11.6999724652    3.0813416387 
   1.1200000000   17.0940876268   11.9798649854   11.6799964169    3.0270725494 
   1.1250000000   17.1524378530   11.9948648977   11.6601087232    2.9729100625 
   1.1300000000   17.2106888599   12.0095942624   11.6403085567    2.9188533685 
   1.1350000000   17.2688410830   12.0240536064   11.6205950957    2.8649016678 
   1.1400000000   17.3268949540   12.0382434527   11.6009675246    2.8110541705 
   1.1450000000   17.3848509001   12.0521643204   11.5814250332    2.7573100966 
   1.1500000000   17.4427093448   12.0658167248   11.5619668170    2.7036686756 
   1.1550000000   17.5004707074   12.0792011770   11.5425920773    2.6501291466 
   1.1600000000   17.5581354033   12.0923181848   11.5233000207    2.5966907583 
   1.1650000000   17.6157038441   12.1051682519   11.5040898596    2.5433527687 
   1.1700000000   17.6731764371   12.1177518786   11.4849608114    2.4901144454 
   1.1750000000   17.7305535861   12.1300695613   11.4659120992    2.4369750652 
   1.1800000000   17.7878356907   12.1421217930   11.4469429515    2.3839339140 
   1.1850000000   17.8450231469   12.1539090630   11.4280526018    2.3309902871 
   1.1900000000   17.9021163468   12.1654318572   11.4092402889    2.2781434888 
   1.1950000000   17.9591156786   12.1766906581   11.3905052570    2.2253928325 
   1.2000000000   18.0160215269   12.1876859446   11.3718467552    2.1727376406 
   1.2050000000   18.0728342725   12.1984181925   11.3532640377    2.1201772443 
   1.2100000000   18.1295542924   12.2088878740   11.3347563639    2.0677109839 
   1.2150000000   18.1861819600   12.2190954581   11.3163229981    2.0153382083 
   1.2200000000   18.2427176450   12.2290414108   11.2979632095    1.9630582753 
   1.2250000000   18.2991617135   12.2387261946   11.2796762723    1.9108705513 
   1.2300000000   18.3555145279   12.2481502690   11.2614614655    1.8587744114 
   1.2350000000   18.4117764472   12.2573140903   11.2433180730    1.8067692391 
   1.2400000000   18.4679478265   12.2662181119   11.2252453834    1.7548544267 
   1.2450000000   18.5240290177   12.2748627842   11.2072426900    1.7030293748 
   1.2500000000   18.5800203689   12.2832485543   11.1893092912    1.6512934925 
   1.2550000000   18.6359222249   12.2913758667   11.1714444895    1.5996461970 
   1.2600000000   18.6917349270   12.2992451630   11.1536475923    1.5480869142 
   1.2650000000   18.7474588129   12.3068568816   11.1359179119    1.4966150779 
   1.2700000000   18.8030942170   12.3142114586   11.1182547646    1.4452301302 
   1.2750000000   18.8586414703   12.3213093268   11.1006574716    1.3939315215 
   1.2800000000   18.9141009003   12.3281509168   11.0831253585    1.3427187101 
   1.2850000000   18.9694728314   12.3347366560   11.0656577555    1.2915911624 
   1.2900000000   19.0247575843   12.3410669696   11.0482539970    1.2405483528 
   1.2950000000   19.0799554766   12.3471422799   11.0309134220    1.1895897636 
   1.3000000000   19.1350668227   12.3529630068   11.0136353738    1.1387148850 
   1.3050000000   19.1900919335   12.3585295675   10.9964192000    1.0879232150 
   1.3100000000   19.2450311167   12.3638423768   10.9792642527    1.0372142595 
   1.3150000000   19.2998846770   12.3689018471   10.9621698881    0.9865875320 
   1.3200000000   19.3546529155   12.3737083883   10.9451354667    0.9360425537 
   1.3250000000   19.4093361305   12.3782624081   10.9281603533    0.8855788536 
   1.3300000000   19.4639346169   12.3825643116   10.9112439170    0.8351959680 
   1.3350000000   19.5184486664   12.3866145017   10.8943855310    0.7848934411 
   1.3400000000   19.5728785679   12.3904133792   10.8775845725    0.7346708242 
   1.3450000000   19.6272246068   12.3939613424   10.8608404231    0.6845276764 
   1.3500000000   19.6814870658   12.3972587877   10.8441524685    0.6344635640 
   1.3550000000   19.7356662242   12.4003061091   10.8275200984    0.5844780606 
   1.3600000000   19.7897623584   12.4031036986   10.8109427066    0.5345707473 
   1.3650000000   19.8437757419   12.4056519462   10.7944196910    0.4847412123 
   1.3700000000   19.8977066449   12.4079512397   10.7779504536    0.4349890511 
   1.3750000000   19.9515553350   12.4100019650   10.7615344002    0.3853138662 
   1.3800000000   20.0053220766   12.4118045060   10.7451709408    0.3357152675 
   1.3850000000   20.0590071311   12.4133592446   10.7288594894    0.2861928717 
   1.3900000000   20.1126107572   12.4146665611   10.7125994639    0.2367463026 
   1.3950000000   20.1661332105   12.4157268334   10.6963902861    0.1873751911 
   1.4000000000   20.2195747438   12.4165404381   10.6802313818    0.1380791749 
   1.4050000000   20.2729356072   12.4171077497   10.6641221808    0.0888578986 
   1.4100000000   20.3262160475   12.4174291411   10.6480621166    0.0397110137 
   1.4150000000   20.3794163093   12.4175049833   10.6320506268   -0.0093618215 
   1.4200000000   20.4325366338   12.4173356457   10.6160871528   -0.0583609421 
   1.4250000000   20.4855772599   12.4169214962   10.6001711399   -0.1072866764 
   1.4300000000   20.5385384234   12.4162629008   10.5843020370   -0.1561393459 
   1.4350000000   20.5914203575   12.4153602240   10.5684792973   -0.2049192657 
   1.4400000000   20.6442232928   12.4142138288   10.5527023773   -0.2536267443 
   1.4450000000   20.6969474568   12.4128240768   10.5369707378   -0.3022620836 
   1.4500000000   20.7495930747   12.4111913277   10.5212838431   -0.3508255791 
   1.4550000000   20.8021603689   12.4093159402   10.5056411614   -0.3993175198 
   1.4600000000   20.8546495591   12.4071982713   10.4900421645   -0.4477381884 
   1.4650000000   20.9070608625   12.4048386767   10.4744863283   -0.4960878612 
   1.4700000000   20.9593944935   12.4022375106   10.4589731322   -0.5443668082 
   1.4750000000   21.0116506640   12.3993951260   10.4435020595   -0.5925752932 
   1.4800000000   21.0638295834   12.3963118747   10.4280725970   -0.6407135738 
   1.4850000000   21.1159314585   12.3929881069   10.4126842356   -0.6887819014 
   1.4900000000   21.1679564934   12.3894241718   10.3973364696   -0.7367805215 
   1.4950000000   21.2199048900   12.3856204174   10.3820287972   -0.7847096732 
   1.5000000000   21.2717768474   12.3815771905   10.3667607202   -0.8325695898 
   1.5050000000   21.3235725624   12.3772948366   10.3515317442   -0.8803604986 
   1.5100000000   21.3752922292   12.3727737001   10.3363413784   -0.9280826210 
   1.5150000000   21.4269360397   12.3680141246   10.3211891357   -0.9757361724 
   1.5200000000   21.4785041833   12.3630164524   10.3060745328   -1.0233213627 
   1.5250000000   21.5299968470   12.3577810246   10.2909970898   -1.0708383956 
   1.5300000000   21.5814142153   12.3523081817   10.2759563309   -1.1182874693 
   1.5350000000   21.6327564706   12.3465982629   10.2609517834   -1.1656687763 
   1.5400000000   21.6840237927   12.3406516065   10.2459829788   -1.2129825035 
   1.5450000000   21.7352163592   12.3344685501   10.2310494518   -1.2602288321 
   1.5500000000   21.7863343453   12.3280494302   10.2161507411   -1.3074079378 
   1.5550000000   21.8373779239   12.3213945825   10.2012863887   -1.3545199909 
   1.5600000000   21.8883472657   12.3145043418   10.1864559406   -1.4015651561 
   1.5650000000   21.9392425390   12.3073790422   10.1716589461   -1.4485435928 
   1.5700000000   21.9900639101   12.3000190168   10.1568949582   -1.4954554550 
   1.5750000000   22.0408115429   12.2924245983   10.1421635337   -1.5423008915 
   1.5800000000   22.0914855990   12.2845961184   10.1274642328   -1.5890800458 
   1.5850000000   22.1420862380   12.2765339081   10.1127966193   -1.6357930560 
   1.5900000000   22.1926136173   12.2682382979   10.0981602608   -1.6824400554 
   1.5950000000   22.2430678920   12.2597096174   10.0835547284   -1.7290211719 
   1.6000000000   22.2934492153   12.2509481957   10.0689795966   -1.7755365285 
   1.6050000000   22.3437577380   12.2419543615   10.0544344437   -1.8219862431 
   1.6100000000   22.3939936090   12.2327284425   10.0399188516   -1.8683704287 
   1.6150000000   22.4441569750   12.2232707662   10.0254324056   -1.9146891935 
   1.6200000000   22.4942479809   12.2135816595   10.0109746948   -1.9609426406 
   1.6250000000   22.5442667692   12.2036614485    9.9965453116   -2.0071308685 
   1.6300000000   22.5942134806   12.1935104593    9.9821438523   -2.0532539707 
   1.6350000000   22.6440882536   12.1831290172    9.9677699164   -2.0993120364 
   1.6400000000   22.6938912249   12.1725174472    9.9534231071   -2.1453051496 
   1.6450000000   22.7436225292   12.1616760738    9.9391030314   -2.1912333902 
   1.6500000000   22.7932822992   12.1506052213    9.9248092993   -2.2370968333 
   1.6550000000   22.8428706655   12.1393052134    9.9105415250   -2.2828955494 
   1.6600000000   22.8923877570   12.1277763736    9.8962993256   -2.3286296047 
   1.6650000000   22.9418337007   12.1160190250    9.8820823222   -2.3742990611 
   1.6700000000   22.9912086216   12.1040334905    9.8678901392   -2.4199039758 
   1.6750000000   23.0405126429   12.0918200927    9.8537224046   -2.4654444021 
   1.6800000000   23.0897458858   12.0793791539    9.8395787498   -2.5109203886 
   1.6850000000   23.1389084699   12.0667109962    9.8254588099   -2.5563319802 
   1.6900000000   23.1880005128   12.0538159414    9.8113622234   -2.6016792173 
   1.6950000000   23.2370221305   12.0406943112    9.7972886322   -2.6469621363 
   1.7000000000   23.2859734369   12.0273464271    9.7832376820   -2.6921807696 
   1.7050000000   23.3348545444   12.0137726106    9.7692090217   -2.7373351455 
   1.7100000000   23.3836655637   11.9999731827    9.7552023037   -2.7824252884 
   1.7150000000   23.4324066035   11.9859484647    9.7412171841   -2.8274512189 
   1.7200000000   23.4810777709   11.9716987775    9.7272533223   -2.8724129537 
   1.7250000000   23.5296791715   11.9572244422    9.7133103811   -2.9173105056 
   1.7300000000   23.5782109091   11.9425257794    9.6993880270   -2.9621438839 
   1.7350000000   23.6266730856   11.9276031103    9.6854859297   -3.0069130940 
   1.7400000000   23.6750658016   11.9124567554    9.6716037626   -3.0516181378 
   1.7450000000   23.7233891559   11.8970870358    9.6577412023   -3.0962590136 
   1.7500000000   23.7716432457   11.8814942723    9.6438979290   -3.1408357160 
   1.7550000000   23.8198281668   11.8656787856    9.6300736263   -3.1853482364 
   1.7600000000   23.8679440131   11.8496408969    9.6162679811   -3.2297965626 
   1.7650000000   23.9159908772   11.8333809270    9.6024806839   -3.2741806791 
   1.7700000000   23.9639688500   11.8168991971    9.5887114284   -3.3185005671 
   1.7750000000   24.0118780210   11.8001960284    9.5749599119   -3.3627562044 
   1.7800000000   24.0597184782   11.7832717422    9.5612258351   -3.4069475657 
   1.7850000000   24.1074903079   11.7661266600    9.5475089018   -3.4510746224 
   1.7900000000   24.1551935953   11.7487611032    9.5338088194   -3.4951373431 
   1.7950000000   24.2028284237   11.7311753938    9.5201252987   -3.5391356930 
   1.8000000000   24.2503948754   11.7133698536    9.5064580537   -3.5830696345 
   1.8050000000   24.2978930309   11.6953448049    9.4928068020   -3.6269391269 
   1.8100000000   24.3453229696   11.6771005699    9.4791712641   -3.6707441267 
   1.8150000000   24.3926847693   11.6586374712    9.4655511644   -3.7144845875 
   1.8200000000   24.4399785065   11.6399558316    9.4519462301   -3.7581604600 
   1.8250000000   24.4872042564   11.6210559743    9.4383561920   -3.8017716924 
   1.8300000000   24.5343620928   11.6019382225    9.4247807842   -3.8453182300 
   1.8350000000   24.5814520882   11.5826028999    9.4112197439   -3.8888000155 
   1.8400000000   24.6284743138   11.5630503304    9.3976728119   -3.9322169890 
   1.8450000000   24.6754288394   11.5432808382    9.3841397319   -3.9755690880 
   1.8500000000   24.7223157338   11.5232947478    9.3706202511   -4.0188562476 
   1.8550000000   24.7691350642   11.5030923840    9.3571141199   -4.0620784004 
   1.8600000000   24.8158868968   11.4826740722    9.3436210919   -4.1052354766 
   1.8650000000   24.8625712965   11.4620401379    9.3301409240   -4.1483274042 
   1.8700000000   24.9091883271   11.4411909069    9.3166733762   -4.1913541085 
   1.8750000000   24.9557380509   11.4201267056    9.3032182118   -4.2343155131 
   1.8800000000   25.0022205295   11.3988478607    9.2897751973   -4.2772115389 
   1.8850000000   25.0486358228   11.3773546993    9.2763441023   -4.3200421050 
   1.8900000000   25.0949839900   11.3556475489    9.2629246997   -4.3628071283 
   1.8950000000   25.1412650889   11.3337267374    9.2495167653   -4.4055065235 
   1.9000000000   25.1874791764   11.3115925932    9.2361200783   -4.4481402036 
   1.9050000000   25.2336263081   11.2892454450    9.2227344209   -4.4907080793 
   1.9100000000   25.2797065386   11.2666856222    9.2093595785   -4.5332100597 
   1.9150000000   25.3257199215   11.2439134544    9.1959953395   -4.5756460519 
   1.9200000000   25.3716665093   11.2209292718    9.1826414955   -4.6180159611 
   1.9250000000   25.4175463535   11.1977334051    9.1692978410   -4.6603196910 
   1.9300000000   25.4633595044   11.1743261854    9.1559641738   -4.7025571434 
   1.9350000000   25.5091060115   11.1507079443    9.1426402945   -4.7447282184 
   1.9400000000   25.5547859233   11.1268790140    9.1293260070   -4.7868328146 
   1.9450000000   25.6003992872   11.1028397271    9.1160211180   -4.8288708290 
   1.9500000000   25.6459461498   11.0785904169    9.1027254372   -4.8708421571 
   1.9550000000   25.6914265566   11.0541314169    9.0894387775   -4.9127466928 
   1.9600000000   25.7368405523   11.0294630614    9.0761609545   -4.9545843286 
   1.9650000000   25.7821881806   11.0045856853    9.0628917870   -4.9963549558 
   1.9700000000   25.8274694843   10.9794996237    9.0496310965   -5.0380584641 
   1.9750000000   25.8726845054   10.9542052127    9.0363787078   -5.0796947421 
   1.9800000000   25.9178332850   10.9287027886    9.0231344481   -5.1212636769 
   1.9850000000   25.9629158632   10.9029926883    9.0098981480   -5.1627651548 
   1.9900000000   26.0079322794   10.8770752496    8.9966696406   -5.2041990606 
   1.9950000000   26.0528825723   10.8509508106    8.9834487621   -5.2455652780 
   2.0000000000   26.0977667795   10.8246197099    8.9702353514   -5.2868636897 
   2.0050000000   26.1425849380   10.7980822869    8.9570292504   -5.3280941774 
   2.0100000000   26.1873370839   10.7713388815    8.9438303035   -5.3692566218 
   2.0150000000   26.2320232527   10.7443898342    8.9306383583   -5.4103509026 
   2.0200000000   26.2766434789   10.7172354863    8.9174532648   -5.4513768986 
   2.0250000000   26.3211977965   10.6898761793    8.9042748761   -5.4923344877 
   2.0300000000   26.3656862386   10.6623122556    8.8911030479   -5.5332235471 
   2.0350000000   26.4101088377   10.6345440582    8.8779376384   -5.5740439530 
   2.0400000000   26.4544656255   10.6065719307    8.8647785089   -5.6147955812 
   2.0450000000   26.4987566330   10.5783962173    8.8516255233   -5.6554783064 
   2.0500000000   26.5429818907   10.5500172627    8.8384785479   -5.6960920029 
   2.0550000000   26.5871414283   10.5214354125    8.8253374519   -5.7366365443 
   2.0600000000   26.6312352748   10.4926510127    8.8122021071   -5.7771118037 
   2.0650000000   26.6752634587   10.4636644101    8.7990723880   -5.8175176534 
   2.0700000000   26.7192260079   10.4344759521    8.7859481715   -5.8578539656 
   2.0750000000   26.7631229494   10.4050859866    8.7728293373   -5.8981206116 
   2.0800000000   26.8069543100   10.3754948623    8.7597157675   -5.9383174625 
   2.0850000000   26.8507201157   10.3457029285    8.7466073468   -5.9784443891 
   2.0900000000   26.8944203919   10.3157105352    8.7335039625   -6.0185012616 
   2.0950000000   26.9380551635   10.2855180329    8.7204055044   -6.0584879500 
   2.1000000000   26.9816244550   10.2551257728    8.7073118646   -6.0984043241 
   2.1050000000   27.0251282900   10.2245341070    8.6942229379   -6.1382502533 
   2.1100000000   27.0685666920   10.1937433879    8.6811386215   -6.1780256068 
   2.1150000000   27.1119396837   10.1627539688    8.6680588150   -6.2177302538 
   2.1200000000   27.1552472875   10.1315662035    8.6549834204   -6.2573640632 
   2.1250000000   27.1984895251   10.1001804464    8.6419123421   -6.2969269038 
   2.1300000000   27.2416664180   10.0685970529    8.6288454870   -6.3364186443 
   2.1350000000   27.2847779869   10.0368163787    8.6157827642   -6.3758391534 
   2.1400000000   27.3278242524   10.0048387803    8.6027240852   -6.4151882999 
   2.1450000000   27.3708052344    9.9726646149    8.5896693638   -6.4544659524 
   2.1500000000   27.4137209525    9.9402942402    8.5766185162   -6.4936719798 
   2.1550000000   27.4565714258    9.9077280147    8.5635714608   -6.5328062509 
   2.1600000000   27.4993566732    9.8749662975    8.5505281182   -6.5718686346 
   2.1650000000   27.5420767131    9.8420094484    8.5374884113   -6.6108590002 
   2.1700000000   27.5847315633    9.8088578277    8.5244522654   -6.6497772169 
   2.1750000000   27.6273212415    9.7755117967    8.5114196077   -6.6886231542 
   2.1800000000   27.6698457651    9.7419717169    8.4983903677   -6.7273966819 
   2.1850000000   27.7123051508    9.7082379507    8.4853644772   -6.7660976701 
   2.1900000000   27.7546994153    9.6743108613    8.4723418699   -6.8047259890 
   2.1950000000   27.7970285749    9.6401908122    8.4593224820   -6.8432815094 
   2.2000000000   27.8392926454    9.6058781677    8.4463062513   -6.8817641023 
   2.2050000000   27.8814916425    9.5713732929    8.4332931181   -6.9201736390 
   2.2100000000   27.9236255816    9.5366765533    8.4202830246   -6.9585099914 
   2.2150000000   27.9656944778    9.5017883152    8.4072759150   -6.9967730317 
   2.2200000000   28.0076983457    9.4667089454    8.3942717358   -7.0349626327 
   2.2250000000   28.0496371999    9.4314388115    8.3812704350   -7.0730786676 
   2.2300000000   28.0915110547    9.3959782815    8.3682719632   -7.1111210100 
   2.2350000000   28.1333199242    9.3603277244    8.3552762725   -7.1490895343 
   2.2400000000   28.1750638220    9.3244875094    8.3422833171   -7.1869841153 
   2.2450000000   28.2167427618    9.2884580067    8.3292930533   -7.2248046285 
   2.2500000000   28.2583567570    9.2522395868    8.3163054390   -7.2625509498 
   2.2550000000   28.2999058206    9.2158326211    8.3033204342   -7.3002229560 
   2.2600000000   28.3413899656    9.1792374813    8.2903380006   -7.3378205245 
   2.2650000000   28.3828092048    9.1424545401    8.2773581021   -7.3753435332 
   2.2700000000   28.4241635508    9.1054841704    8.2643807041   -7.4127918610 
   2.2750000000   28.4654530160    9.0683267461    8.2514057739   -7.4501653873 
   2.2800000000   28.5066776126    9.0309826414    8.2384332805   -7.4874639923 
   2.2850000000   28.5478373528    8.9934522313    8.2254631950   -7.5246875572 
   2.2900000000   28.5889322485    8.9557358911    8.2124954900   -7.5618359636 
   2.2950000000   28.6299623116    8.9178339971    8.1995301397   -7.5989090944 
   2.3000000000   28.6709275538    8.8797469258    8.1865671203   -7.6359068328 
   2.3050000000   28.7118279867    8.8414750546    8.1736064097   -7.6728290633 
   2.3100000000   28.7526636217    8.8030187613    8.1606479872   -7.7096756711 
   2.3150000000   28.7934344703    8.7643784241    8.1476918340   -7.7464465423 
   2.3200000000   28.8341405438    8.7255544222    8.1347379329   -7.7831415640 
   2.3250000000   28.8747818534    8.6865471351    8.1217862683   -7.8197606240 
   2.3300000000   28.9153584102    8.6473569428    8.1088368261   -7.8563036114 
   2.3350000000   28.9558702253    8.6079842260    8.0958895939   -7.8927704161 
   2.3400000000   28.9963173098    8.5684293658    8.0829445609   -7.9291609289 
   2.3450000000   29.0366996746    8.5286927440    8.0700017177   -7.9654750417 
   2.3500000000   29.0770173306    8.4887747429    8.0570610567   -8.0017126475 
   2.3550000000   29.1172702888    8.4486757452    8.0441225714   -8.0378736402 
   2.3600000000   29.1574585599    8.4083961343    8.0311862572   -8.0739579149 
   2.3650000000   29.1975821549    8.3679362941    8.0182521107   -8.1099653676 
   2.3700000000   29.2376410846    8.3272966089    8.0053201300   -8.1458958956 
   2.3750000000   29.2776353599    8.2864774635    7.9923903148   -8.1817493972 
   2.3800000000   29.3175649914    8.2454792434    7.9794626659   -8.2175257717 
   2.3850000000   29.3574299901    8.2043023345    7.9665371859   -8.2532249198 
   2.3900000000   29.3972303669    8.1629471231    7.9536138785   -8.2888467430 
   2.3950000000   29.4369661325    8.1214139961    7.9406927489   -8.3243911443 
   2.4000000000   29.4766372980    8.0797033409    7.9277738034   -8.3598580278 
   2.4050000000   29.5162438742    8.0378155452    7.9148570500   -8.3952472985 
   2.4100000000   29.5557858722    7.9957509974    7.9019424977   -8.4305588631 
   2.4150000000   29.5952633029    7.9535100862    7.8890301570   -8.4657926290 
   2.4200000000   29.6346761775    7.9110932009    7.8761200396   -8.5009485052 
   2.4250000000   29.6740245070    7.8685007312    7.8632121583   -8.5360264018 
   2.4300000000   29.7133083028    7.8257330670    7.8503065274   -8.5710262301 
   2.4350000000   29.7525275761    7.7827905991    7.8374031623   -8.6059479029 
   2.4400000000   29.7916823382    7.7396737184    7.8245020796   -8.6407913338 
   2.4450000000   29.8307726007    7.6963828163    7.8116032971   -8.6755564382 
   2.4500000000   29.8697983751    7.6529182847    7.7987068338   -8.7102431325 
   2.4550000000   29.9087596729    7.6092805158    7.7858127097   -8.7448513345 
   2.4600000000   29.9476565061    7.5654699023    7.7729209462   -8.7793809633 
   2.4650000000   29.9864888864    7.5214868373    7.7600315656   -8.8138319393 
   2.4700000000   30.0252568258    7.4773317141    7.7471445915   -8.8482041842 
   2.4750000000   30.0639603363    7.4330049268    7.7342600483   -8.8824976212 
   2.4800000000   30.1025994303    7.3885068694    7.7213779617   -8.9167121746 
   2.4850000000   30.1411741201    7.3438379366    7.7084983585   -8.9508477703 
   2.4900000000   30.1796844181    7.2989985234    7.6956212663   -8.9849043354 
   2.4950000000   30.2181303370    7.2539890251    7.6827467140   -9.0188817985 
   2.5000000000   30.2565118895    7.2088098374    7.6698747312   -9.0527800895 
   2.5050000000   30.2948290886    7.1634613563    7.6570053487   -9.0865991397 
   2.5100000000   30.3330819474    7.1179439782    7.6441385984   -9.1203388819 
   2.5150000000   30.3712704791    7.0722580997    7.6312745127   -9.1539992501 
   2.5200000000   30.4093946970    7.0264041181    7.6184131255   -9.1875801799 
   2.5250000000   30.4474546149    6.9803824305    7.6055544711   -9.2210816082 
   2.5300000000   30.4854502463    6.9341934346    7.5926985852   -9.2545034734 
   2.5350000000   30.5233816054    6.8878375284    7.5798455040   -9.2878457153 
   2.5400000000   30.5612487061    6.8413151102    7.5669952648   -9.3211082751 
   2.5450000000   30.5990515628    6.7946265786    7.5541479057   -9.3542910954 
   2.5500000000   30.6367901900    6.7477723323    7.5413034657   -9.3873941205 
   2.5550000000   30.6744646024    6.7007527704    7.5284619845   -9.4204172958 
   2.5600000000   30.7120748149    6.6535682925    7.5156235029   -9.4533605684 
   2.5650000000   30.7496208425    6.6062192980    7.5027880621   -9.4862238866 
   2.5700000000   30.7871027007    6.5587061870    7.4899557045   -9.5190072006 
   2.5750000000   30.8245204048    6.5110293594    7.4771264730   -9.5517104616 
   2.5800000000   30.8618739707    6.4631892158    7.4643004114   -9.5843336226 
   2.5850000000   30.8991634143    6.4151861568    7.4514775642   -9.6168766379 
   2.5900000000   30.9363887517    6.3670205831    7.4386579766   -9.6493394632 
   2.5950000000   30.9735499995    6.3186928959    7.4258416946   -9.6817220559 
   2.6000000000   31.0106471743    6.2702034963    7.4130287649   -9.7140243748 
   2.6050000000   31.0476802928    6.2215527860    7.4002192348   -9.7462463802 
   2.6100000000   31.0846493724    6.1727411665    7.3874131523   -9.7783880337 
   2.6150000000   31.1215544302    6.1237690396    7.3746105663   -9.8104492986 
   2.6200000000   31.1583954839    6.0746368075    7.3618115259   -9.8424301397 
   2.6250000000   31.1951725514    6.0253448723    7.3490160813   -9.8743305231 
   2.6300000000   31.2318856508    5.9758936364    7.3362242831   -9.9061504166 
   2.6350000000   31.2685348004    5.9262835024    7.3234361825   -9.9378897894 
   2.6400000000   31.3051200189    5.8765148728    7.3106518313   -9.9695486121 
   2.6450000000   31.3416413251    5.8265881505    7.2978712819  -10.0011268571 
   2.6500000000   31.3780987381    5.7765037386    7.2850945874  -10.0326244978 
   2.6550000000   31.4144922775    5.7262620399    7.2723218013  -10.0640415097 
   2.6600000000   31.4508219628    5.6758634579    7.2595529777  -10.0953778693 
   2.6650000000   31.4870878139    5.6253083957    7.2467881712  -10.1266335548 
   2.6700000000   31.5232898513    5.5745972568    7.2340274370  -10.1578085459 
   2.6750000000   31.5594280952    5.5237304448    7.2212708309  -10.1889028239 
   2.6800000000   31.5955025665    5.4727083631    7.2085184089  -10.2199163713 
   2.6850000000   31.6315132864    5.4215314156    7.1957702277  -10.2508491724 
   2.6900000000   31.6674602760    5.3702000060    7.1830263444  -10.2817012128 
   2.6950000000   31.7033435571    5.3187145381    7.1702868167  -10.3124724797 
   2.7000000000   31.7391631515    5.2670754159    7.1575517026  -10.3431629618 
   2.7050000000   31.7749190815    5.2152830432    7.1448210606  -10.3737726492 
   2.7100000000   31.8106113697    5.1633378240    7.1320949496  -10.4043015335 
   2.7150000000   31.8462400387    5.1112401625    7.1193734289  -10.4347496080 
   2.7200000000   31.8818051117    5.0589904627    7.1066565582  -10.4651168671 
   2.7250000000   31.9173066121    5.0065891285    7.0939443978  -10.4954033071 
   2.7300000000   31.9527445636    4.9540365643    7.0812370080  -10.5256089254 
   2.7350000000   31.9881189902    4.9013331740    7.0685344499  -10.5557337212 
   2.7400000000   32.0234299163    4.8484793618    7.0558367846  -10.5857776951 
   2.7450000000   32.0586773664    4.7954755317    7.0431440737  -10.6157408490 
   2.7500000000   32.0938613654    4.7423220880    7.0304563793  -10.6456231865 
   2.7550000000   32.1289819386    4.6890194346    7.0177737634  -10.6754247125 
   2.7600000000   32.1640391116    4.6355679755    7.0050962888  -10.7051454334 
   2.7650000000   32.1990329102    4.5819681149    6.9924240182  -10.7347853572 
   2.7700000000   32.2339633605    4.5282202566    6.9797570150  -10.7643444933 
   2.7750000000   32.2688304892    4.4743248046    6.9670953425  -10.7938228524 
   2.7800000000   32.3036343230    4.4202821627    6.9544390646  -10.8232204468 
   2.7850000000   32.3383748889    4.3660927347    6.9417882452  -10.8525372903 
   2.7900000000   32.3730522146    4.3117569243    6.9291429486  -10.8817733981 
   2.7950000000   32.4076663277    4.2572751353    6.9165032394  -10.9109287867 
   2.8000000000   32.4422172564    4.2026477710    6.9038691823  -10.9400034743 
   2.8050000000   32.4767050291    4.1478752350    6.8912408423  -10.9689974802 
   2.8100000000   32.5111296745    4.0929579306    6.8786182846  -10.9979108256 
   2.8150000000   32.5454912217    4.0378962611    6.8660015746  -11.0267435326 
   2.8200000000   32.5797897001    3.9826906296    6.8533907780  -11.0554956251 
   2.8250000000   32.6140251394    3.9273414392    6.8407859606  -11.0841671283 
   2.8300000000   32.6481975698    3.8718490926    6.8281871884  -11.1127580688 
   2.8350000000   32.6823070215    3.8162139927    6.8155945275  -11.1412684746 
   2.8400000000   32.7163535253    3.7604365421    6.8030080443  -11.1696983752 
   2.8450000000   32.7503371124    3.7045171431    6.7904278052  -11.1980478013 
   2.8500000000   32.7842578139    3.6484561981    6.7778538770  -11.2263167851 
   2.8550000000   32.8181156618    3.5922541093    6.7652863263  -11.2545053604 
   2.8600000000   32.8519106879    3.5359112785    6.7527252201  -11.2826135620 
   2.8650000000   32.8856429248    3.4794281075    6.7401706254  -11.3106414263 
   2.8700000000   32.9193124051    3.4228049980    6.7276226094  -11.3385889910 
   2.8750000000   32.9529191620    3.3660423514    6.7150812393  -11.3664562953 
   2.8800000000   32.9864632287    3.3091405688    6.7025465824  -11.3942433797 
   2.8850000000   33.0199446391    3.2521000512    6.6900187062  -11.4219502859 
   2.8900000000   33.0533634272    3.1949211995    6.6774976782  -11.4495770571 
   2.8950000000   33.0867196274    3.1376044141    6.6649835659  -11.4771237378 
   2.9000000000   33.1200132745    3.0801500955    6.6524764371  -11.5045903739 
   2.9050000000   33.1532444035    3.0225586437    6.6399763594  -11.5319770125 
   2.9100000000   33.1864130500    2.9648304586    6.6274834006  -11.5592837022 
   2.9150000000   33.2195192495    2.9069659399    6.6149976286  -11.5865104928 
   2.9200000000   33.2525630383    2.8489654868    6.6025191111  -11.6136574355 
   2.9250000000   33.2855444528    2.7908294985    6.5900479160  -11.6407245826 
   2.9300000000   33.3184635298    2.7325583739    6.5775841112  -11.6677119879 
   2.9350000000   33.3513203064    2.6741525114    6.5651277646  -11.6946197064 
   2.9400000000   33.3841148200    2.6156123095    6.5526789442  -11.7214477946 
   2.9450000000   33.4168471085    2.5569381661    6.5402377177  -11.7481963099 
   2.9500000000   33.4495172099    2.4981304789    6.5278041533  -11.7748653113 
   2.9550000000   33.4821251629    2.4391896454    6.5153783187  -11.8014548589 
   2.9600000000   33.5146710061    2.3801160627    6.5029602818  -11.8279650142 
   2.9650000000   33.5471547788    2.3209101275    6.4905501105  -11.8543958397 
   2.9700000000   33.5795765205    2.2615722364    6.4781478725  -11.8807473994 
   2.9750000000   33.6119362709    2.2021027855    6.4657536357  -11.9070197584 
   2.9800000000   33.6442340703    2.1425021707    6.4533674678  -11.9332129831 
   2.9850000000   33.6764699591    2.0827707875    6.4409894364  -11.9593271412 
   2.9900000000   33.7086439783    2.0229090309    6.4286196093  -11.9853623013 
   2.9950000000   33.7407561690    1.9629172960    6.4162580539  -12.0113185336 
   3.0000000000   33.7728065727    1.9027959770    6.4039048377  -12.0371959092 
   3.0050000000   33.8047952314    1.8425454682    6.3915600281  -12.0629945007 
   3.0100000000   33.8367221871    1.7821661632    6.3792236926  -12.0887143816 
   3.0150000000   33.8685874825    1.7216584554    6.3668958982  -12.1143556266 
   3.0200000000   33.9003911605    1.6610227379    6.3545767122  -12.1399183119 
   3.0250000000   33.9321332641    1.6002594031    6.3422662016  -12.1654025144 
   3.0300000000   33.9638138371    1.5393688434    6.3299644334  -12.1908083126 
   3.0350000000   33.9954329231    1.4783514505    6.3176714744  -12.2161357858 
   3.0400000000   34.0269905666    1.4172076160    6.3053873913  -12.2413850146 
   3.0450000000   34.0584868120    1.3559377307    6.2931122508  -12.2665560808 
   3.0500000000   34.0899217041    1.2945421853    6.2808461192  -12.2916490671 
   3.0550000000   34.1212952883    1.2330213700    6.2685890630  -12.3166640576 
   3.0600000000   34.1526076100    1.1713756746    6.2563411484  -12.3416011374 
   3.0650000000   34.1838587151    1.1096054883    6.2441024414  -12.3664603925 
   3.0700000000   34.2150486499    1.0477112002    6.2318730080  -12.3912419104 
   3.0750000000   34.2461774608    0.9856931986    6.2196529139  -12.4159457793 
   3.0800000000   34.2772451947    0.9235518717    6.2074422249  -12.4405720887 
   3.0850000000   34.3082518988    0.8612876069    6.1952410062  -12.4651209291 
   3.0900000000   34.3391976206    0.7989007913    6.1830493233  -12.4895923921 
   3.0950000000   34.3700824080    0.7363918118    6.1708672412  -12.5139865704 
   3.1000000000   34.4009063091    0.6737610543    6.1586948250  -12.5383035575 
   3.1050000000   34.4316693725    0.6110089047    6.1465321394  -12.5625434484 
   3.1100000000   34.4623716469    0.5481357481    6.1343792490  -12.5867063386 
   3.1150000000   34.4930131814    0.4851419695    6.1222362182  -12.6107923251 
   3.1200000000   34.5235940256    0.4220279529    6.1101031112  -12.6348015055 
   3.1250000000   34.5541142292    0.3587940822    6.0979799922  -12.6587339788 
   3.1300000000   34.5845738423    0.2954407408    6.0858669248  -12.6825898446 
   3.1350000000   34.6149729153    0.2319683113    6.0737639728  -12.7063692039 
   3.1400000000   34.6453114990    0.1683771761    6.0616711996  -12.7300721583 
   3.1450000000   34.6755896443    0.1046677169    6.0495886683  -12.7536988107 
   3.1500000000   34.7058074028    0.0408403150    6.0375164420  -12.7772492647 
