   0.0000000000    0.0000000000    0.0000000000   21.2132034356   21.2132034356 
   0.0050000000    0.1059985960    0.1058760229   21.1862515715   21.1372327250 
   0.0100000000    0.2118626815    0.2113725964   21.1593991688   21.0614235292 
   0.0150000000    0.3175927526    0.3164905260   21.1326457351   20.9857749763 
   0.0200000000    0.4231893030    0.4212306125   21.1059907806   20.9102862001 
   0.0250000000    0.5286528237    0.5255936528   21.0794338188   20.8349563398 
   0.0300000000    0.6339838037    0.6295804393   21.0529743659   20.7597845399 
   0.0350000000    0.7391827291    0.7331917602   21.0266119413   20.6847699502 
   0.0400000000    0.8442500840    0.8364283994   21.0003460674   20.6099117260 
   0.0450000000    0.9491863499    0.9392911367   20.9741762692   20.5352090277 
   0.0500000000    1.0539920060    1.0417807475   20.9481020747   20.4606610209 
   0.0550000000    1.1586675292    1.1438980033   20.9221230150   20.3862668766 
   0.0600000000    1.2632133940    1.2456436714   20.8962386238   20.3120257707 
   0.0650000000    1.3676300725    1.3470185147   20.8704484376   20.2379368842 
   0.0700000000    1.4719180346    1.4480232925   20.8447519957   20.1639994034 
   0.0750000000    1.5760777479    1.5486587598   20.8191488404   20.0902125193 
   0.0800000000    1.6801096777    1.6489256674   20.7936385165   20.0165754280 
   0.0850000000    1.7840142870    1.7488247624   20.7682205715   19.9430873308 
   0.0900000000    1.8877920366    1.8483567877   20.7428945558   19.8697474335 
   0.0950000000    1.9914433851    1.9475224824   20.7176600222   19.7965549469 
   0.1000000000    2.0949687886    2.0463225816   20.6925165265   19.7235090868 
   0.1050000000    2.1983687013    2.1447578163   20.6674636268   19.6506090735 
   0.1100000000    2.3016435751    2.2428289141   20.6425008841   19.5778541324 
   0.1150000000    2.4047938597    2.3405365982   20.6176278617   19.5052434932 
   0.1200000000    2.5078200025    2.4378815882   20.5928441256   19.4327763907 
   0.1250000000    2.6107224490    2.5348646000   20.5681492445   19.3604520641 
   0.1300000000    2.7135016424    2.6314863456   20.5435427894   19.2882697571 
   0.1350000000    2.8161580236    2.7277475331   20.5190243338   19.2162287183 
   0.1400000000    2.9186920317    2.8236488670   20.4945934538   19.1443282006 
   0.1450000000    3.0211041034    2.9191910480   20.4702497280   19.0725674615 
   0.1500000000    3.1233946735    3.0143747733   20.4459927373   19.0009457629 
   0.1550000000    3.2255641746    3.1092007362   20.4218220651   18.9294623712 
   0.1600000000    3.3276130373    3.2036696263   20.3977372973   18.8581165571 
   0.1650000000    3.4295416901    3.2977821298   20.3737380218   18.7869075960 
   0.1700000000    3.5313505593    3.3915389292   20.3498238294   18.7158347671 
   0.1750000000    3.6330400695    3.4849407032   20.3259943128   18.6448973544 
   0.1800000000    3.7346106429    3.5779881272   20.3022490673   18.5740946459 
   0.1850000000    3.8360627000    3.6706818730   20.2785876904   18.5034259339 
   0.1900000000    3.9373966589    3.7630226087   20.2550097818   18.4328905149 
   0.1950000000    4.0386129362    3.8550109991   20.2315149437   18.3624876897 
   0.2000000000    4.1397119462    3.9466477054   20.2081027802   18.2922167630 
   0.2050000000    4.2406941012    4.0379333854   20.1847728981   18.2220770439 
   0.2100000000    4.3415598116    4.1288686934   20.1615249059   18.1520678454 
   0.2150000000    4.4423094861    4.2194542803   20.1383584146   18.0821884845 
   0.2200000000    4.5429435310    4.3096907935   20.1152730374   18.0124382825 
   0.2250000000    4.6434623510    4.3995788772   20.0922683896   17.9428165645 
   0.2300000000    4.7438663488    4.4891191722   20.0693440885   17.8733226595 
   0.2350000000    4.8441559251    4.5783123157   20.0464997536   17.8039559007 
   0.2400000000    4.9443314790    4.6671589420   20.0237350066   17.7347156249 
   0.2450000000    5.0443934072    4.7556596817   20.0010494713   17.6656011730 
   0.2500000000    5.1443421051    4.8438151623   19.9784427735   17.5966118897 
   0.2550000000    5.2441779657    4.9316260081   19.9559145409   17.5277471236 
   0.2600000000    5.3439013806    5.0190928400   19.9334644035   17.4590062268 
   0.2650000000    5.4435127393    5.1062162758   19.9110919932   17.3903885555 
   0.2700000000    5.5430124295    5.1929969299   19.8887969439   17.3218934696 
   0.2750000000    5.6424008371    5.2794354137   19.8665788916   17.2535203325 
   0.2800000000    5.7416783461    5.3655323354   19.8444374740   17.1852685116 
   0.2850000000    5.8408453389    5.4512883000   19.8223723311   17.1171373776 
   0.2900000000    5.9399021960    5.5367039093   19.8003831045   17.0491263053 
   0.2950000000    6.0388492959    5.6217797621   19.7784694381   16.9812346727 
   0.3000000000    6.1376870157    5.7065164540   19.7566309774   16.9134618616 
   0.3050000000    6.2364157305    5.7909145777   19.7348673699   16.8458072572 
   0.3100000000    6.3350358136    5.8749747226   19.7131782649   16.7782702485 
   0.3150000000    6.4335476367    5.9586974752   19.6915633138   16.7108502278 
   0.3200000000    6.5319515697    6.0420834189   19.6700221696   16.6435465910 
   0.3250000000    6.6302479808    6.1251331341   19.6485544873   16.5763587373 
   0.3300000000    6.7284372365    6.2078471982   19.6271599235   16.5092860695 
   0.3350000000    6.8265197014    6.2902261857   19.6058381368   16.4423279937 
   0.3400000000    6.9244957386    6.3722706681   19.5845887876   16.3754839196 
   0.3450000000    7.0223657094    6.4539812140   19.5634115379   16.3087532601 
   0.3500000000    7.1201299735    6.5353583888   19.5423060516   16.2421354314 
   0.3550000000    7.2177888890    6.6164027554   19.5212719944   16.1756298532 
   0.3600000000    7.3153428120    6.6971148735   19.5003090335   16.1092359483 
   0.3650000000    7.4127920972    6.7774953000   19.4794168380   16.0429531429 
   0.3700000000    7.5101370978    6.8575445891   19.4585950787   15.9767808664 
   0.3750000000    7.6073781649    6.9372632919   19.4378434280   15.9107185516 
   0.3800000000    7.7045156483    7.0166519569   19.4171615601   15.8447656342 
   0.3850000000    7.8015498962    7.0957111297   19.3965491507   15.7789215534 
   0.3900000000    7.8984812551    7.1744413529   19.3760058773   15.7131857513 
   0.3950000000    7.9953100697    7.2528431667   19.3555314190   15.6475576734 
   0.4000000000    8.0920366834    7.3309171083   19.3351254564   15.5820367682 
   0.4050000000    8.1886614379    7.4086637121   19.3147876718   15.5166224872 
   0.4100000000    8.2851846732    7.4860835100   19.2945177492   15.4513142852 
   0.4150000000    8.3816067280    7.5631770309   19.2743153741   15.3861116199 
   0.4200000000    8.4779279390    7.6399448012   19.2541802334   15.3210139521 
   0.4250000000    8.5741486418    7.7163873445   19.2341120158   15.2560207457 
   0.4300000000    8.6702691702    7.7925051818   19.2141104115   15.1911314674 
   0.4350000000    8.7662898565    7.8682988315   19.1941751121   15.1263455871 
   0.4400000000    8.8622110313    7.9437688092   19.1743058109   15.0616625776 
   0.4450000000    8.9580330241    8.0189156278   19.1545022026   14.9970819145 
   0.4500000000    9.0537561623    8.0937397980   19.1347639834   14.9326030765 
   0.4550000000    9.1493807724    8.1682418275   19.1150908510   14.8682255452 
   0.4600000000    9.2449071788    8.2424222214   19.0954825045   14.8039488050 
   0.4650000000    9.3403357049    8.3162814826   19.0759386447   14.7397723432 
   0.4700000000    9.4356666723    8.3898201112   19.0564589735   14.6756956499 
   0.4750000000    9.5309004011    8.4630386046   19.0370431945   14.6117182182 
   0.4800000000    9.6260372102    8.5359374579   19.0176910126   14.5478395438 
   0.4850000000    9.7210774168    8.6085171638   18.9984021342   14.4840591254 
   0.4900000000    9.8160213366    8.6807782121   18.9791762671   14.4203764643 
   0.4950000000    9.9108692840    8.7527210905   18.9600131204   14.3567910647 
   0.5000000000   10.0056215718    8.8243462840   18.9409124046   14.2933024334 
   0.5050000000   10.1002785116    8.8956542753   18.9218738316   14.2299100801 
   0.5100000000   10.1948404132    8.9666455445   18.9028971146   14.1666135171 
   0.5150000000   10.2893075853    9.0373205693   18.8839819683   14.1034122593 
   0.5200000000   10.3836803351    9.1076798251   18.8651281086   14.0403058245 
   0.5250000000   10.4779589681    9.1777237848   18.8463352528   13.9772937331 
   0.5300000000   10.5721437888    9.2474529189   18.8276031194   13.9143755079 
   0.5350000000   10.6662351000    9.3168676955   18.8089314283   13.8515506747 
   0.5400000000   10.7602332033    9.3859685805   18.7903199007   13.7888187616 
   0.5450000000   10.8541383988    9.4547560372   18.7717682589   13.7261792994 
   0.5500000000   10.9479509853    9.5232305268   18.7532762269   13.6636318217 
   0.5550000000   11.0416712600    9.5913925080   18.7348435294   13.6011758642 
   0.5600000000   11.1351861372    9.6591602724   18.6598752336   13.4978131105 
   0.5650000000   11.2282715100    9.7263720988   18.5744224473   13.3870622453 
   0.5700000000   11.3209318359    9.7930323316   18.4898542661   13.2771734274 
   0.5750000000   11.4131715049    9.8591452479   18.4061574449   13.1681335021 
   0.5800000000   11.5049948410    9.9247150599   18.3233189976   13.0599295722 
   0.5850000000   11.5964061042    9.9897459158   18.2413261916   12.9525489923 
   0.5900000000   11.6874094915   10.0542419014   18.1601665410   12.8459793623 
   0.5950000000   11.7780091378   10.1182070408   18.0798278007   12.7402085218 
   0.6000000000   11.8682091176   10.1816452980   18.0002979608   12.6352245437 
   0.6050000000   11.9580134459   10.2445605781   17.9215652406   12.5310157295 
   0.6100000000   12.0474260793   10.3069567281   17.8436180833   12.4275706029 
   0.6150000000   12.1364509171   10.3688375382   17.7664451508   12.3248779053 
   0.6200000000   12.2250918026   10.4302067428   17.6900353180   12.2229265902 
   0.6250000000   12.3133525239   10.4910680216   17.6143776684   12.1217058184 
   0.6300000000   12.4012368151   10.5514250008   17.5394614886   12.0212049532 
   0.6350000000   12.4887483571   10.6112812536   17.4652762639   11.9214135553 
   0.6400000000   12.5758907788   10.6706403017   17.3918116736   11.8223213788 
   0.6450000000   12.6626676579   10.7295056160   17.3190575863   11.7239183664 
   0.6500000000   12.7490825222   10.7878806175   17.2470040559   11.6261946450 
   0.6550000000   12.8351388498   10.8457686784   17.1756413168   11.5291405217 
   0.6600000000   12.9208400707   10.9031731228   17.1049597802   11.4327464797 
   0.6650000000   13.0061895672   10.9600972278   17.0349500301   11.3370031741 
   0.6700000000   13.0911906752   11.0165442238   16.9656028189   11.2419014282 
   0.6750000000   13.1758466845   11.0725172963   16.8969090641   11.1474322297 
   0.6800000000   13.2601608401   11.1280195856   16.8288598441   11.0535867272 
   0.6850000000   13.3441363426   11.1830541885   16.7614463951   10.9603562262 
   0.6900000000   13.4277763493   11.2376241586   16.6946601073   10.8677321861 
   0.6950000000   13.5110839748   11.2917325072   16.6284925213   10.7757062164 
   0.7000000000   13.5940622918   11.3453822038   16.5629353252   10.6842700737 
   0.7050000000   13.6767143317   11.3985761774   16.4979803510   10.5934156585 
   0.7100000000   13.7590430856   11.4513173167   16.4336195716   10.5031350120 
   0.7150000000   13.8410515046   11.5036084708   16.3698450976   10.4134203129 
   0.7200000000   13.9227425008   11.5554524502   16.3066491744   10.3242638746 
   0.7250000000   14.0041189479   11.6068520274   16.2440241793   10.2356581426 
   0.7300000000   14.0851836817   11.6578099371   16.1819626185   10.1475956911 
   0.7350000000   14.1659395008   11.7083288776   16.1204571245   10.0600692206 
   0.7400000000   14.2463891676   11.7584115107   16.0595004533    9.9730715554 
   0.7450000000   14.3265354082   11.8080604627   15.9990854818    9.8865956406 
   0.7500000000   14.4063809136   11.8572783251   15.9392052052    9.8006345400 
   0.7550000000   14.4859283399   11.9060676548   15.8798527345    9.7151814333 
   0.7600000000   14.5651803093   11.9544309749   15.8210212940    9.6302296137 
   0.7650000000   14.6441394101   12.0023707754   15.7627042192    9.5457724859 
   0.7700000000   14.7228081978   12.0498895134   15.7048949539    9.4618035634 
   0.7750000000   14.8011891953   12.0969896140   15.6475870488    9.3783164665 
   0.7800000000   14.8792848933   12.1436734707   15.5907741582    9.2953049202 
   0.7850000000   14.9570977514   12.1899434455   15.5344500390    9.2127627519 
   0.7900000000   15.0346301981   12.2358018703   15.4786085477    9.1306838893 
   0.7950000000   15.1118846312   12.2812510466   15.4232436387    9.0490623587 
   0.8000000000   15.1888634189   12.3262932464   15.3683493624    8.9678922827 
   0.8050000000   15.2655688995   12.3709307123   15.3139198631    8.8871678783 
   0.8100000000   15.3420033825   12.4151656584   15.2599493771    8.8068834553 
   0.8150000000   15.4181691488   12.4590002708   15.2064322309    8.7270334144 
   0.8200000000   15.4940684511   12.5024367074   15.1533628393    8.6476122450 
   0.8250000000   15.5697035143   12.5454770990   15.1007357037    8.5686145241 
   0.8300000000   15.6450765362   12.5881235494   15.0485454105    8.4900349141 
   0.8350000000   15.7201896876   12.6303781362   14.9967866289    8.4118681615 
   0.8400000000   15.7950451129   12.6722429105   14.9454541100    8.3341090950 
   0.8450000000   15.8696449305   12.7137198981   14.8945426846    8.2567526241 
   0.8500000000   15.9439912331   12.7548110994   14.8440472618    8.1797937376 
   0.8550000000   16.0180860881   12.7955184899   14.7939628277    8.1032275017 
   0.8600000000   16.0919315381   12.8358440207   14.7442844434    8.0270490591 
   0.8650000000   16.1655296011   12.8757896188   14.6950072440    7.9512536272 
   0.8700000000   16.2388822712   12.9153571875   14.6461264370    7.8758364969 
   0.8750000000   16.3119915183   12.9545486066   14.5976373008    7.8007930309 
   0.8800000000   16.3848592892   12.9933657330   14.5495351835    7.7261186628 
   0.8850000000   16.4574875075   13.0318104009   14.5018155015    7.6518088955 
   0.8900000000   16.5298780741   13.0698844222   14.4544737381    7.5778593000 
   0.8950000000   16.6020328673   13.1075895869   14.4075054422    7.5042655142 
   0.9000000000   16.6739537436   13.1449276632   14.3609062275    7.4310232415 
   0.9050000000   16.7456425375   13.1819003981   14.3146717706    7.3581282500 
   0.9100000000   16.8171010622   13.2185095176   14.2687978103    7.2855763709 
   0.9150000000   16.8883311095   13.2547567268   14.2232801462    7.2133634976 
   0.9200000000   16.9593344505   13.2906437108   14.1781146377    7.1414855845 
   0.9250000000   17.0301128360   13.3261721343   14.1332972027    7.0699386460 
   0.9300000000   17.1006679960   13.3613436423   14.0888238168    6.9987187555 
   0.9350000000   17.1710016409   13.3961598605   14.0446905119    6.9278220439 
   0.9400000000   17.2411154614   13.4306223950   14.0008933753    6.8572446994 
   0.9450000000   17.3110111285   13.4647328335   13.9574285489    6.7869829657 
   0.9500000000   17.3806902944   13.4984927445   13.9142922277    6.7170331416 
   0.9550000000   17.4501545920   13.5319036787   13.8714806594    6.6473915796 
   0.9600000000   17.5194056360   13.5649671681   13.8289901430    6.5780546854 
   0.9650000000   17.5884450225   13.5976847274   13.7868170280    6.5090189167 
   0.9700000000   17.6572743293   13.6300578533   13.7449577135    6.4402807825 
   0.9750000000   17.7258951167   13.6620880255   13.7034086476    6.3718368419 
   0.9800000000   17.7943089270   13.6937767064   13.6621663258    6.3036837038 
   0.9850000000   17.8625172854   13.7251253417   13.6212272908    6.2358180255 
   0.9900000000   17.9305216997   13.7561353603   13.5805881316    6.1682365124 
   0.9950000000   17.9983236609   13.7868081750   13.5402454821    6.1009359166 
   1.0000000000   18.0659246432   13.8171451823   13.5001960210    6.0339130369 
   1.0050000000   18.1333261043   13.8471477629   13.4604364708    5.9671647172 
   1.0100000000   18.2005294857   13.8768172819   13.4209635967    5.9006878464 
   1.0150000000   18.2675362127   13.9061550887   13.3817742063    5.8344793575 
   1.0200000000   18.3343476950   13.9351625177   13.3428651485    5.7685362266 
   1.0250000000   18.4009653263   13.9638408883   13.3042333129    5.7028554726 
   1.0300000000   18.4673904850   13.9921915048   13.2658756294    5.6374341562 
   1.0350000000   18.5336245344   14.0202156574   13.2277890670    5.5722693796 
   1.0400000000   18.5996688226   14.0479146214   13.1899706333    5.5073582855 
   1.0450000000   18.6655246827   14.0752896583   13.1524173740    5.4426980564 
   1.0500000000   18.7311934334   14.1023420155   13.1151263721    5.3782859145 
   1.0550000000   18.7966763787   14.1290729264   13.0780947473    5.3141191205 
   1.0600000000   18.8619748084   14.1554836111   13.0413196553    5.2501949733 
   1.0650000000   18.9270899981   14.1815752761   13.0047982874    5.1865108094 
   1.0700000000   18.9920232095   14.2073491148   12.9685278695    5.1230640021 
   1.0750000000   19.0567756905   14.2328063074   12.9325056620    5.0598519614 
   1.0800000000   19.1213486753   14.2579480214   12.8967289588    4.9968721329 
   1.0850000000   19.1857433848   14.2827754115   12.8611950870    4.9341219976 
   1.0900000000   19.2499610265   14.3072896201   12.8259014063    4.8715990714 
   1.0950000000   19.3140027949   14.3314917769   12.7908453083    4.8093009043 
   1.1000000000   19.3778698713   14.3553829997   12.7560242161    4.7472250801 
   1.1050000000   19.4415634244   14.3789643943   12.7214355840    4.6853692160 
   1.1100000000   19.5050846104   14.4022370545   12.6870768964    4.6237309617 
   1.1150000000   19.5684345725   14.4252020627   12.6529456678    4.5623079995 
   1.1200000000   19.6316144420   14.4478604895   12.6190394424    4.5010980434 
   1.1250000000   19.6946253379   14.4702133944   12.5853557929    4.4400988386 
   1.1300000000   19.7574683669   14.4922618255   12.5518923210    4.3793081616 
   1.1350000000   19.8201446241   14.5140068199   12.5186466561    4.3187238190 
   1.1400000000   19.8826551926   14.5354494039   12.4856164553    4.2583436476 
   1.1450000000   19.9450011439   14.5565905931   12.4527994029    4.1981655139 
   1.1500000000   20.0071835381   14.5774313923   12.4201932099    4.1381873136 
   1.1550000000   20.0692034237   14.5979727960   12.3877956136    4.0784069711 
   1.1600000000   20.1310618381   14.6182157883   12.3556043770    4.0188224392 
   1.1650000000   20.1927598077   14.6381613434   12.3236172888    3.9594316989 
   1.1700000000   20.2542983476   14.6578104250   12.2918321627    3.9002327586 
   1.1750000000   20.3156784623   14.6771639873   12.2602468370    3.8412236542 
   1.1800000000   20.3769011454   14.6962229747   12.2288591742    3.7824024483 
   1.1850000000   20.4379673800   14.7149883218   12.1976670609    3.7237672302 
   1.1900000000   20.4988781385   14.7334609538   12.1666684071    3.6653161152 
   1.1950000000   20.5596343830   14.7516417867   12.1358611460    3.6070472445 
   1.2000000000   20.6202370655   14.7695317270   12.1052432336    3.5489587850 
   1.2050000000   20.6806871276   14.7871316722   12.0748126484    3.4910489285 
   1.2100000000   20.7409855009   14.8044425110   12.0445673908    3.4333158917 
   1.2150000000   20.8011331071   14.8214651229   12.0145054834    3.3757579159 
   1.2200000000   20.8611308580   14.8382003790   11.9846249698    3.3183732666 
   1.2250000000   20.9209796558   14.8546491416   11.9549239150    3.2611602331 
   1.2300000000   20.9806803931   14.8708122645   11.9254004048    3.2041171284 
   1.2350000000   21.0402339526   14.8866905933   11.8960525453    3.1472422888 
   1.2400000000   21.0996412081   14.9022849651   11.8668784629    3.0905340734 
   1.2450000000   21.1589030238   14.9175962090   11.8378763041    3.0339908644 
   1.2500000000   21.2180202547   14.9326251461   11.8090442346    2.9776110661 
   1.2550000000   21.2769937466   14.9473725894   11.7803804398    2.9213931052 
   1.2600000000   21.3358243365   14.9618393443   11.7518831239    2.8653354301 
   1.2650000000   21.3945128524   14.9760262083   11.7235505099    2.8094365111 
   1.2700000000   21.4530601132   14.9899339715   11.6953808393    2.7536948396 
   1.2750000000   21.5114669294   15.0035634163   11.6673723719    2.6981089284 
   1.2800000000   21.5697341027   15.0169153179   11.6395233852    2.6426773109 
   1.2850000000   21.6278624262   15.0299904442   11.6118321748    2.5873985414 
   1.2900000000   21.6858526846   15.0427895557   11.5842970534    2.5322711943 
   1.2950000000   21.7437056541   15.0553134061   11.5569163512    2.4772938644 
   1.3000000000   21.8014221027   15.0675627421   11.5296884151    2.4224651664 
   1.3050000000   21.8590027902   15.0795383033   11.5026116089    2.3677837345 
   1.3100000000   21.9164484680   15.0912408226   11.4756843129    2.3132482225 
   1.3150000000   21.9737598798   15.1026710265   11.4489049237    2.2588573036 
   1.3200000000   22.0309377611   15.1138296345   11.4222718537    2.2046096697 
   1.3250000000   22.0879828396   15.1247173598   11.3957835316    2.1505040317 
   1.3300000000   22.1448958351   15.1353349093   11.3694384013    2.0965391193 
   1.3350000000   22.2016774597   15.1456829835   11.3432349224    2.0427136803 
   1.3400000000   22.2583284178   15.1557622765   11.3171715695    1.9890264808 
   1.3450000000   22.3148494064   15.1655734766   11.2912468324    1.9354763050 
   1.3500000000   22.3712411147   15.1751172660   11.2654592156    1.8820619548 
   1.3550000000   22.4275042246   15.1843943206   11.2398072383    1.8287822498 
   1.3600000000   22.4836394107   15.1934053109   11.2142894341    1.7756360270 
   1.3650000000   22.5396473402   15.2021509014   11.1889043509    1.7226221407 
   1.3700000000   22.5955286730   15.2106317510   11.1636505505    1.6697394621 
   1.3750000000   22.6512840621   15.2188485129   11.1385266088    1.6169868796 
   1.3800000000   22.7069141532   15.2268018348   11.1135311154    1.5643632980 
   1.3850000000   22.7624195850   15.2344923591   11.0886626733    1.5118676388 
   1.3900000000   22.8178009894   15.2419207226   11.0639198990    1.4594988399 
   1.3950000000   22.8730589912   15.2490875572   11.0393014223    1.4072558552 
   1.4000000000   22.9281942085   15.2559934891   11.0148058858    1.3551376548 
   1.4050000000   22.9832072527   15.2626391400   10.9904319452    1.3031432246 
   1.4100000000   23.0380987284   15.2690251260   10.9661782691    1.2512715663 
   1.4150000000   23.0928692336   15.2751520586   10.9420435383    1.1995216971 
   1.4200000000   23.1475193598   15.2810205444   10.9180264464    1.1478926496 
   1.4250000000   23.2020496920   15.2866311849   10.8941256992    1.0963834716 
   1.4300000000   23.2564608086   15.2919845773   10.8703400146    1.0449932259 
   1.4350000000   23.3107532818   15.2970813138   10.8466681226    0.9937209905 
   1.4400000000   23.3649276774   15.3019219824   10.8231087651    0.9425658580 
   1.4450000000   23.4189845549   15.3065071661   10.7996606957    0.8915269357 
   1.4500000000   23.4729244677   15.3108374439   10.7763226799    0.8406033454 
   1.4550000000   23.5267479631   15.3149133903   10.7530934942    0.7897942233 
   1.4600000000   23.5804555821   15.3187355755   10.7299719270    0.7390987197 
   1.4650000000   23.6340478597   15.3223045655   10.7069567777    0.6885159990 
   1.4700000000   23.6875253252   15.3256209221   10.6840468569    0.6380452398 
   1.4750000000   23.7408885017   15.3286852032   10.6612409863    0.5876856342 
   1.4800000000   23.7941379065   15.3314979624   10.6385379982    0.5374363881 
   1.4850000000   23.8472740512   15.3340597497   10.6159367362    0.4872967209 
   1.4900000000   23.9002974415   15.3363711110   10.5934360543    0.4372658656 
   1.4950000000   23.9532085775   15.3384325884   10.5710348170    0.3873430683 
   1.5000000000   24.0060079536   15.3402447205   10.5487318996    0.3375275883 
   1.5050000000   24.0586960585   15.3418080420   10.5265261874    0.2878186979 
   1.5100000000   24.1112733756   15.3431230839   10.5044165763    0.2382156825 
   1.5150000000   24.1637403826   15.3441903741   10.4824019723    0.1887178399 
   1.5200000000   24.2160975519   15.3450104365   10.4604812914    0.1393244811 
   1.5250000000   24.2683453503   15.3455837919   10.4386534597    0.0900349292 
   1.5300000000   24.3204842394   15.3459109577   10.4169174131    0.0408485199 
   1.5350000000   24.3725146756   15.3459924479   10.3952720975   -0.0082353988 
   1.5400000000   24.4244371099   15.3458287734   10.3737164683   -0.0572174668 
   1.5450000000   24.4762519881   15.3454204419   10.3522494906   -0.1060983117 
   1.5500000000   24.5279597508   15.3447679580   10.3308701393   -0.1548785493 
   1.5550000000   24.5795608338   15.3438718231   10.3095773984   -0.2035587837 
   1.5600000000   24.6310556675   15.3427325358   10.2883702617   -0.2521396071 
   1.5650000000   24.6824446774   15.3413505918   10.2672477318   -0.3006216000 
   1.5700000000   24.7337282842   15.3397264836   10.2462088212   -0.3490053315 
   1.5750000000   24.7849069034   15.3378607013   10.2252525509   -0.3972913594 
   1.5800000000   24.8359809458   15.3357537319   10.2043779515   -0.4454802301 
   1.5850000000   24.8869508174   15.3334060600   10.1835840624   -0.4935724789 
   1.5900000000   24.9378169194   15.3308181673   10.1628699320   -0.5415686300 
   1.5950000000   24.9885796481   15.3279905330   10.1422346175   -0.5894691965 
   1.6000000000   25.0392393953   15.3249236338   10.1216771850   -0.6372746809 
   1.6050000000   25.0897965482   15.3216179439   10.1011967095   -0.6849855749 
   1.6100000000   25.1402514892   15.3180739349   10.0807922743   -0.7326023595 
   1.6150000000   25.1906045962   15.3142920763   10.0604629716   -0.7801255052 
   1.6200000000   25.2408562426   15.3102728352   10.0402079022   -0.8275554720 
   1.6250000000   25.2910067974   15.3060166762   10.0200261753   -0.8748927097 
   1.6300000000   25.3410566251   15.3015240619    9.9999169084   -0.9221376579 
   1.6350000000   25.3910060858   15.2967954527    9.9798792277   -0.9692907459 
   1.6400000000   25.4408555353   15.2918313068    9.9599122675   -1.0163523933 
   1.6450000000   25.4906053249   15.2866320805    9.9400151704   -1.0633230095 
   1.6500000000   25.5402558020   15.2811982278    9.9201870873   -1.1102029943 
   1.6550000000   25.5898073094   15.2755302009    9.9004271772   -1.1569927377 
   1.6600000000   25.6392601860   15.2696284502    9.8807346072   -1.2036926202 
   1.6650000000   25.6886147664   15.2634934239    9.8611085524   -1.2503030126 
   1.6700000000   25.7378713810   15.2571255686    9.8415481961   -1.2968242765 
   1.6750000000   25.7870303565   15.2505253291    9.8220527295   -1.3432567643 
   1.6800000000   25.8360920151   15.2436931483    9.8026213514   -1.3896008188 
   1.6850000000   25.8850566755   15.2366294677    9.7832532690   -1.4358567742 
   1.6900000000   25.9339246520   15.2293347269    9.7639476969   -1.4820249554 
   1.6950000000   25.9826962553   15.2218093639    9.7447038575   -1.5281056784 
   1.7000000000   26.0313717922   15.2140538154    9.7255209812   -1.5740992506 
   1.7050000000   26.0799515655   15.2060685162    9.7063983058   -1.6200059706 
   1.7100000000   26.1284358743   15.1978538999    9.6873350769   -1.6658261284 
   1.7150000000   26.1768250141   15.1894103987    9.6683305476   -1.7115600054 
   1.7200000000   26.2251192764   15.1807384432    9.6493839785   -1.7572078748 
   1.7250000000   26.2733189492   15.1718384628    9.6304946379   -1.8027700015 
   1.7300000000   26.3214243170   15.1627108857    9.6116618014   -1.8482466419 
   1.7350000000   26.3694356602   15.1533561385    9.5928847521   -1.8936380447 
   1.7400000000   26.4173532563   15.1437746469    9.5741627804   -1.9389444503 
   1.7450000000   26.4651773787   15.1339668353    9.5554951841   -1.9841660914 
   1.7500000000   26.5129082976   15.1239331269    9.5368812684   -2.0293031926 
   1.7550000000   26.5605462797   15.1136739439    9.5183203456   -2.0743559711 
   1.7600000000   26.6080915882   15.1031897073    9.4998117354   -2.1193246363 
   1.7650000000   26.6555444831   15.0924808374    9.4813547645   -2.1642093902 
   1.7700000000   26.7029052208   15.0815477530    9.4629487670   -2.2090104272 
   1.7750000000   26.7501740546   15.0703908723    9.4445930838   -2.2537279346 
   1.7800000000   26.7973512344   15.0590106125    9.4262870632   -2.2983620923 
   1.7850000000   26.8444370069   15.0474073900    9.4080300603   -2.3429130731 
   1.7900000000   26.8914316157   15.0355816202    9.3898214375   -2.3873810428 
   1.7950000000   26.9383353009   15.0235337177    9.3716605637   -2.4317661602 
   1.8000000000   26.9851482998   15.0112640964    9.3535468153   -2.4760685773 
   1.8050000000   27.0318708466   14.9987731695    9.3354795752   -2.5202884393 
   1.8100000000   27.0785031721   14.9860613494    9.3174582333   -2.5644258849 
   1.8150000000   27.1250455044   14.9731290478    9.2994821864   -2.6084810461 
   1.8200000000   27.1714980685   14.9599766758    9.2815508380   -2.6524540483 
   1.8250000000   27.2178610863   14.9466046440    9.2636635985   -2.6963450109 
   1.8300000000   27.2641347770   14.9330133623    9.2458198847   -2.7401540466 
   1.8350000000   27.3103193567   14.9192032399    9.2280191206   -2.7838812622 
   1.8400000000   27.3564150388   14.9051746858    9.2102607365   -2.8275267584 
   1.8450000000   27.4024220338   14.8909281084    9.1925441694   -2.8710906297 
   1.8500000000   27.4483405493   14.8764639154    9.1748688629   -2.9145729649 
   1.8550000000   27.4941707903   14.8617825145    9.1572342674   -2.9579738470 
   1.8600000000   27.5399129589   14.8468843126    9.1396398394   -3.0012933532 
   1.8650000000   27.5855672547   14.8317697165    9.1220850422   -3.0445315550 
   1.8700000000   27.6311338745   14.8164391324    9.1045693456   -3.0876885185 
   1.8750000000   27.6766130125   14.8008929666    9.0870922256   -3.1307643043 
   1.8800000000   27.7220048602   14.7851316246    9.0696531648   -3.1737589678 
   1.8850000000   27.7673096067   14.7691555120    9.0522516521   -3.2166725590 
   1.8900000000   27.8125274384   14.7529650341    9.0348871826   -3.2595051226 
   1.8950000000   27.8576585394   14.7365605958    9.0175592580   -3.3022566987 
   1.9000000000   27.9027030911   14.7199426020    9.0002673860   -3.3449273219 
   1.9050000000   27.9476612726   14.7031114574    8.9830110807   -3.3875170222 
   1.9100000000   27.9925332604   14.6860675666    8.9657898623   -3.4300258248 
   1.9150000000   28.0373192289   14.6688113340    8.9486032571   -3.4724537501 
   1.9200000000   28.0820193499   14.6513431639    8.9314507977   -3.5148008140 
   1.9250000000   28.1266337930   14.6336634606    8.9143320228   -3.5570670277 
   1.9300000000   28.1711627255   14.6157726283    8.8972464770   -3.5992523980 
   1.9350000000   28.2156063124   14.5976710713    8.8801937111   -3.6413569277 
   1.9400000000   28.2599647165   14.5793591938    8.8631732818   -3.6833806147 
   1.9450000000   28.3042380984   14.5608373999    8.8461847519   -3.7253234534 
   1.9500000000   28.3484266165   14.5421060940    8.8292276898   -3.7671854336 
   1.9550000000   28.3925304270   14.5231656804    8.8123016703   -3.8089665414 
   1.9600000000   28.4365496842   14.5040165634    8.7954062736   -3.8506667588 
   1.9650000000   28.4804845401   14.4846591476    8.7785410861   -3.8922860643 
   1.9700000000   28.5243351447   14.4650938377    8.7617056997   -3.9338244322 
   1.9750000000   28.5681016461   14.4453210383    8.7448997122   -3.9752818334 
   1.9800000000   28.6117841902   14.4253411543    8.7281227272   -4.0166582354 
   1.9850000000   28.6553829210   14.4051545910    8.7113743538   -4.0579536020 
   1.9900000000   28.6988979808   14.3847617534    8.6946542069   -4.0991678935 
   1.9950000000   28.7423295095   14.3641630472    8.6779619070   -4.1403010672 
   2.0000000000   28.7856776456   14.3433588780    8.6612970803   -4.1813530768 
   2.0050000000   28.8289425255   14.3223496518    8.6446593583   -4.2223238733 
   2.0100000000   28.8721242838   14.3011357748    8.6280483781   -4.2632134043 
   2.0150000000   28.9152230533   14.2797176533    8.6114637825   -4.3040216145 
   2.0200000000   28.9582389650   14.2580956942    8.5949052195   -4.3447484457 
   2.0250000000   29.0011721483   14.2362703046    8.5783723425   -4.3853938369 
   2.0300000000   29.0440227307   14.2142418917    8.5618648105   -4.4259577243 
   2.0350000000   29.0867908380   14.1920108633    8.5453822877   -4.4664400416 
   2.0400000000   29.1294765947   14.1695776274    8.5289244436   -4.5068407197 
   2.0450000000   29.1720801231   14.1469425923    8.5124909529   -4.5471596872 
   2.0500000000   29.2146015442   14.1241061668    8.4960814957   -4.5873968702 
   2.0550000000   29.2570409776   14.1010687600    8.4796957572   -4.6275521923 
   2.0600000000   29.2993985408   14.0778307814    8.4633334277   -4.6676255750 
   2.0650000000   29.3416743503   14.0543926410    8.4469942027   -4.7076169377 
   2.0700000000   29.3838685209   14.0307547489    8.4306777828   -4.7475261974 
   2.0750000000   29.4259811657   14.0069175160    8.4143838736   -4.7873532693 
   2.0800000000   29.4680123966   13.9828813533    8.3981121856   -4.8270980664 
   2.0850000000   29.5099623241   13.9586466726    8.3818624346   -4.8667605001 
   2.0900000000   29.5518310571   13.9342138858    8.3656343411   -4.9063404798 
   2.0950000000   29.5936187032   13.9095834054    8.3494276304   -4.9458379130 
   2.1000000000   29.6353253686   13.8847556444    8.3332420328   -4.9852527059 
   2.1050000000   29.6769511582   13.8597310162    8.3170772835   -5.0245847627 
   2.1100000000   29.7184961757   13.8345099348    8.3009331223   -5.0638339863 
   2.1150000000   29.7599605233   13.8090928146    8.2848092939   -5.1030002781 
   2.1200000000   29.8013443021   13.7834800704    8.2687055476   -5.1420835380 
   2.1250000000   29.8426476119   13.7576721177    8.2526216374   -5.1810836647 
   2.1300000000   29.8838705512   13.7316693725    8.2365573220   -5.2200005556 
   2.1350000000   29.9250132174   13.7054722511    8.2205123647   -5.2588341068 
   2.1400000000   29.9660757067   13.6790811705    8.2044865331   -5.2975842134 
   2.1450000000   30.0070581142   13.6524965482    8.1884795996   -5.3362507693 
   2.1500000000   30.0479605338   13.6257188022    8.1724913410   -5.3748336676 
   2.1550000000   30.0887830584   13.5987483511    8.1565215386   -5.4133328003 
   2.1600000000   30.1295257796   13.5715856140    8.1405699779   -5.4517480586 
   2.1650000000   30.1701887882   13.5442310105    8.1246364489   -5.4900793328 
   2.1700000000   30.2107721738   13.5166849608    8.1087207459   -5.5283265125 
   2.1750000000   30.2512760250   13.4889478857    8.0928226676   -5.5664894868 
   2.1800000000   30.2917004295   13.4610202065    8.0769420167   -5.6045681438 
   2.1850000000   30.3320454739   13.4329023450    8.0610786004   -5.6425623713 
   2.1900000000   30.3723112439   13.4045947237    8.0452322298   -5.6804720566 
   2.1950000000   30.4124978243   13.3760977655    8.0294027202   -5.7182970865 
   2.2000000000   30.4526052989   13.3474118941    8.0135898911   -5.7560373472 
   2.2050000000   30.4926337507   13.3185375335    7.9977935660   -5.7936927249 
   2.2100000000   30.5325832618   13.2894751085    7.9820135723   -5.8312631054 
   2.2150000000   30.5724539134   13.2602250443    7.9662497415   -5.8687483741 
   2.2200000000   30.6122457859   13.2307877668    7.9505019091   -5.9061484166 
   2.2250000000   30.6519589589   13.2011637024    7.9347699142   -5.9434631179 
   2.2300000000   30.6915935112   13.1713532781    7.9190536001   -5.9806923635 
   2.2350000000   30.7311495208   13.1413569214    7.9033528136   -6.0178360384 
   2.2400000000   30.7706270649   13.1111750605    7.8876674056   -6.0548940278 
   2.2450000000   30.8100262202   13.0808081241    7.8719972306   -6.0918662172 
   2.2500000000   30.8493470624   13.0502565415    7.8563421466   -6.1287524919 
   2.2550000000   30.8885896666   13.0195207426    7.8407020155   -6.1655527377 
   2.2600000000   30.9277541072   12.9886011577    7.8250767028   -6.2022668404 
   2.2650000000   30.9668404581   12.9574982179    7.8094660776   -6.2388946862 
   2.2700000000   31.0058487923   12.9262123548    7.7938700123   -6.2754361617 
   2.2750000000   31.0447791823   12.8947440004    7.7782883832   -6.3118911538 
   2.2800000000   31.0836317000   12.8630935876    7.7627210697   -6.3482595498 
   2.2850000000   31.1224064166   12.8312615495    7.7471679548   -6.3845412374 
   2.2900000000   31.1611034030   12.7992483199    7.7316289250   -6.4207361051 
   2.2950000000   31.1997227292   12.7670543333    7.7161038700   -6.4568440417 
   2.3000000000   31.2382644648   12.7346800246    7.7005926827   -6.4928649368 
   2.3050000000   31.2767286789   12.7021258292    7.6850952596   -6.5287986803 
   2.3100000000   31.3151154402   12.6693921832    7.6696115002   -6.5646451631 
   2.3150000000   31.3534248166   12.6364795232    7.6541413072   -6.6004042769 
   2.3200000000   31.3916568757   12.6033882862    7.6386845866   -6.6360759138 
   2.3250000000   31.4298116847   12.5701189100    7.6232412474   -6.6716599670 
   2.3300000000   31.4678893103   12.5366718327    7.6078112017   -6.7071563305 
   2.3350000000   31.5058898188   12.5030474930    7.5923943648   -6.7425648990 
   2.3400000000   31.5438132759   12.4692463302    7.5769906548   -6.7778855683 
   2.3450000000   31.5816597471   12.4352687840    7.5615999929   -6.8131182352 
   2.3500000000   31.6194292974   12.4011152947    7.5462223031   -6.8482627973 
   2.3550000000   31.6571219916   12.3667863030    7.5308575126   -6.8833191533 
   2.3600000000   31.6947378939   12.3322822503    7.5155055511   -6.9182872030 
   2.3650000000   31.7322770684   12.2976035784    7.5001663514   -6.9531668473 
   2.3700000000   31.7697395786   12.2627507294    7.4848398489   -6.9879579881 
   2.3750000000   31.8071254879   12.2277241461    7.4695259820   -7.0226605286 
   2.3800000000   31.8444348594   12.1925242719    7.4542246914   -7.0572743731 
   2.3850000000   31.8816677557   12.1571515504    7.4389359210   -7.0917994272 
   2.3900000000   31.9188242394   12.1216064258    7.4236596169   -7.1262355977 
   2.3950000000   31.9559043726   12.0858893427    7.4083957281   -7.1605827925 
   2.4000000000   31.9929082172   12.0500007463    7.3931442060   -7.1948409212 
   2.4050000000   32.0298358351   12.0139410821    7.3779050047   -7.2290098943 
   2.4100000000   32.0666872878   11.9777107961    7.3626780806   -7.2630896240 
   2.4150000000   32.1034626363   11.9413103347    7.3474633928   -7.2970800237 
   2.4200000000   32.1401619420   11.9047401449    7.3322609026   -7.3309810083 
   2.4250000000   32.1767852656   11.8680006738    7.3170705739   -7.3647924941 
   2.4300000000   32.2133326680   11.8310923692    7.3018923728   -7.3985143988 
   2.4350000000   32.2498042095   11.7940156793    7.2867262679   -7.4321466417 
   2.4400000000   32.2861999508   11.7567710524    7.2715722299   -7.4656891436 
   2.4450000000   32.3225199519   11.7193589375    7.2564302319   -7.4991418267 
   2.4500000000   32.3587642731   11.6817797839    7.2413002493   -7.5325046149 
   2.4550000000   32.3949329744   11.6440340413    7.2261822594   -7.5657774337 
   2.4600000000   32.4310261156   11.6061221597    7.2110762420   -7.5989602100 
   2.4650000000   32.4670437567   11.5680445894    7.1959821788   -7.6320528725 
   2.4700000000   32.5029859573   11.5298017813    7.1809000537   -7.6650553515 
   2.4750000000   32.5388527771   11.4913941863    7.1658298526   -7.6979675789 
   2.4800000000   32.5746442757   11.4528222560    7.1507715635   -7.7307894883 
   2.4850000000   32.6103605126   11.4140864421    7.1357251764   -7.7635210150 
   2.4900000000   32.6460015473   11.3751871966    7.1206906831   -7.7961620961 
   2.4950000000   32.6815674392   11.3361249720    7.1056680776   -7.8287126703 
   2.5000000000   32.7170582479   11.2969002208    7.0906573556   -7.8611726780 
   2.5050000000   32.7524740326   11.2575133962    7.0756585148   -7.8935420616 
   2.5100000000   32.7878148528   11.2179649514    7.0606715545   -7.9258207650 
   2.5150000000   32.8230807680   11.1782553398    7.0456964762   -7.9580087341 
   2.5200000000   32.8582718374   11.1383850153    7.0307332828   -7.9901059165 
   2.5250000000   32.8933881206   11.0983544320    7.0157819792   -8.0221122616 
   2.5300000000   32.9284296770   11.0581640442    7.0008425718   -8.0540277206 
   2.5350000000   32.9633965662   11.0178143064    6.9859150690   -8.0858522468 
   2.5400000000   32.9982888476   10.9773056733    6.9709994805   -8.1175857950 
   2.5450000000   33.0331065808   10.9366386001    6.9560958178   -8.1492283221 
   2.5500000000   33.0678498256   10.8958135419    6.9412040941   -8.1807797867 
   2.5550000000   33.1025186417   10.8548309541    6.9263243239   -8.2122401496 
   2.5600000000   33.1371130888   10.8136912923    6.9114565236   -8.2436093732 
   2.5650000000   33.1716332269   10.7723950123    6.8966007108   -8.2748874218 
   2.5700000000   33.2060791159   10.7309425701    6.8817569046   -8.3060742619 
   2.5750000000   33.2404508160   10.6893344218    6.8669251258   -8.3371698616 
   2.5800000000   33.2747483873   10.6475710236    6.8521053964   -8.3681741912 
   2.5850000000   33.3089718901   10.6056528320    6.8372977399   -8.3990872227 
   2.5900000000   33.3431213848   10.5635803036    6.8225021810   -8.4299089303 
   2.5950000000   33.3771969321   10.5213538950    6.8077187461   -8.4606392899 
   2.6000000000   33.4111985926   10.4789740630    6.7929474626   -8.4912782796 
   2.6050000000   33.4451264270   10.4364412645    6.7781883592   -8.5218258793 
   2.6100000000   33.4789804965   10.3937559565    6.7634414661   -8.5522820709 
   2.6150000000   33.5127608621   10.3509185961    6.7487068145   -8.5826468384 
   2.6200000000   33.5464675851   10.3079296405    6.7339844370   -8.6129201676 
   2.6250000000   33.5801007270   10.2647895469    6.7192743671   -8.6431020464 
   2.6300000000   33.6136603493   10.2214987725    6.7045766398   -8.6731924647 
   2.6350000000   33.6471465140   10.1780577747    6.6898912911   -8.7031914144 
   2.6400000000   33.6805592830   10.1344670108    6.6752183579   -8.7330988893 
   2.6450000000   33.7138987183   10.0907269383    6.6605578786   -8.7629148853 
   2.6500000000   33.7471648826   10.0468380144    6.6459098922   -8.7926394001 
   2.6550000000   33.7803578382   10.0028006967    6.6312744391   -8.8222724339 
   2.6600000000   33.8134776479    9.9586154426    6.6166515606   -8.8518139882 
   2.6650000000   33.8465243748    9.9142827093    6.6020412988   -8.8812640672 
   2.6700000000   33.8794980820    9.8698029543    6.5874436971   -8.9106226766 
   2.6750000000   33.9123988329    9.8251766350    6.5728587996   -8.9398898243 
   2.6800000000   33.9452266912    9.7804042085    6.5582866514   -8.9690655203 
   2.6850000000   33.9779817208    9.7354861322    6.5437272983   -8.9981497765 
   2.6900000000   34.0106639856    9.6904228631    6.5291807874   -9.0271426067 
   2.6950000000   34.0432735501    9.6452148585    6.5146471662   -9.0560440269 
   2.7000000000   34.0758104789    9.5998625752    6.5001264834   -9.0848540551 
   2.7050000000   34.1082748366    9.5543664702    6.4856187881   -9.1135727111 
   2.7100000000   34.1406666885    9.5087270003    6.4711241305   -9.1422000169 
   2.7150000000   34.1729860997    9.4629446222    6.4566425615   -9.1707359965 
   2.7200000000   34.2052331360    9.4170197925    6.4421741326   -9.1991806757 
   2.7250000000   34.2374078630    9.3709529676    6.4277188962   -9.2275340825 
   2.7300000000   34.2695103470    9.3247446038    6.4132769053   -9.2557962468 
   2.7350000000   34.3015406543    9.2783951571    6.3988482136   -9.2839672005 
   2.7400000000   34.3334988514    9.2319050837    6.3844328753   -9.3120469774 
   2.7450000000   34.3653850054    9.1852748393    6.3700309456   -9.3400356134 
   2.7500000000   34.3971991833    9.1385048794    6.3556424800   -9.3679331465 
   2.7550000000   34.4289414527    9.0915956596    6.3412675347   -9.3957396163 
   2.7600000000   34.4606118813    9.0445476350    6.3269061664   -9.4234550646 
   2.7650000000   34.4922105371    8.9973612606    6.3125584325   -9.4510795352 
   2.7700000000   34.5237374884    8.9500369912    6.2982243909   -9.4786130737 
   2.7750000000   34.5551928039    8.9025752813    6.2839040999   -9.5060557278 
   2.7800000000   34.5865765524    8.8549765853    6.2695976184   -9.5334075471 
   2.7850000000   34.6178888032    8.8072413571    6.2553050057   -9.5606685830 
   2.7900000000   34.6491296257    8.7593700507    6.2410263218   -9.5878388890 
   2.7950000000   34.6802990897    8.7113631194    6.2267616269   -9.6149185205 
   2.8000000000   34.7113972654    8.6632210165    6.2125109817   -9.6419075348 
   2.8050000000   34.7424242231    8.6149441950    6.1982744472   -9.6688059910 
   2.8100000000   34.7733800335    8.5665331074    6.1840520851   -9.6956139503 
   2.8150000000   34.8042647677    8.5179882062    6.1698439572   -9.7223314757 
   2.8200000000   34.8350784969    8.4693099433    6.1556501257   -9.7489586319 
   2.8250000000   34.8658212928    8.4204987704    6.1414706532   -9.7754954859 
   2.8300000000   34.8964932275    8.3715551388    6.1273056027   -9.8019421061 
   2.8350000000   34.9270943730    8.3224794996    6.1131550374   -9.8282985632 
   2.8400000000   34.9576248021    8.2732723033    6.0990190208   -9.8545649294 
   2.8450000000   34.9880845876    8.2239340003    6.0848976167   -9.8807412790 
   2.8500000000   35.0184738027    8.1744650404    6.0707908891   -9.9068276880 
   2.8550000000   35.0487925210    8.1248658732    6.0566989025   -9.9328242342 
   2.8600000000   35.0790408164    8.0751369477    6.0426217212   -9.9587309974 
   2.8650000000   35.1092187630    8.0252787127    6.0285594101   -9.9845480590 
   2.8700000000   35.1393264354    7.9752916165    6.0145120342  -10.0102755023 
   2.8750000000   35.1693639084    7.9251761069    6.0004796586  -10.0359134124 
   2.8800000000   35.1993312571    7.8749326314    5.9864623486  -10.0614618762 
   2.8850000000   35.2292285571    7.8245616371    5.9724601698  -10.0869209823 
   2.8900000000   35.2590558841    7.7740635704    5.9584731877  -10.1122908211 
   2.8950000000   35.2888133144    7.7234388775    5.9445014681  -10.1375714847 
   2.9000000000   35.3185009244    7.6726880040    5.9305450770  -10.1627630670 
   2.9050000000   35.3481187908    7.6218113951    5.9166040802  -10.1878656636 
   2.9100000000   35.3776669909    7.5708094955    5.9026785439  -10.2128793720 
   2.9150000000   35.4071456021    7.5196827494    5.8887685343  -10.2378042910 
   2.9200000000   35.4365547023    7.4684316004    5.8748741176  -10.2626405214 
   2.9250000000   35.4658943694    7.4170564918    5.8609953600  -10.2873881657 
   2.9300000000   35.4951646821    7.3655578663    5.8471323280  -10.3120473280 
   2.9350000000   35.5243657190    7.3139361658    5.8332850878  -10.3366181140 
   2.9400000000   35.5534975594    7.2621918322    5.8194537058  -10.3611006311 
   2.9450000000   35.5825602826    7.2103253065    5.8056382484  -10.3854949883 
   2.9500000000   35.6115539685    7.1583370291    5.7918387820  -10.4098012964 
   2.9550000000   35.6404786972    7.1062274401    5.7780553729  -10.4340196677 
   2.9600000000   35.6693345491    7.0539969788    5.7642880875  -10.4581502160 
   2.9650000000   35.6981216050    7.0016460841    5.7505369921  -10.4821930568 
   2.9700000000   35.7268399461    6.9491751942    5.7368021528  -10.5061483072 
   2.9750000000   35.7554896538    6.8965847468    5.7230836359  -10.5300160859 
   2.9800000000   35.7840708098    6.8438751789    5.7093815074  -10.5537965130 
   2.9850000000   35.8125834963    6.7910469271    5.6956958334  -10.5774897102 
   2.9900000000   35.8410277957    6.7381004270    5.6820266798  -10.6010958009 
   2.9950000000   35.8694037907    6.6850361140    5.6683741125  -10.6246149099 
   3.0000000000   35.8977115645    6.6318544227    5.6547381971  -10.6480471634 
   3.0050000000   35.9259512006    6.5785557869    5.6411189992  -10.6713926891 
   3.0100000000   35.9541227825    6.5251406401    5.6275165843  -10.6946516165 
   3.0150000000   35.9822263945    6.4716094149    5.6139310177  -10.7178240762 
   3.0200000000   36.0102621209    6.4179625432    5.6003623646  -10.7409102004 
   3.0250000000   36.0382300464    6.3642004565    5.5868106899  -10.7639101228 
   3.0300000000   36.0661302562    6.3103235855    5.5732760586  -10.7868239784 
   3.0350000000   36.0939628355    6.2563323600    5.5597585351  -10.8096519037 
   3.0400000000   36.1217278702    6.2022272094    5.5462581842  -10.8323940366 
   3.0450000000   36.1494254461    6.1480085624    5.5327750699  -10.8550505163 
   3.0500000000   36.1770556497    6.0936768468    5.5193092564  -10.8776214835 
   3.0550000000   36.2046185676    6.0392324898    5.5058608075  -10.9001070803 
   3.0600000000   36.2321142868    5.9846759180    5.4924297869  -10.9225074500 
   3.0650000000   36.2595428946    5.9300075571    5.4790162581  -10.9448227373 
   3.0700000000   36.2869044786    5.8752278322    5.4656202841  -10.9670530882 
   3.0750000000   36.3141991268    5.8203371675    5.4522419279  -10.9891986501 
   3.0800000000   36.3414269274    5.7653359868    5.4388812522  -11.0112595716 
   3.0850000000   36.3685879689    5.7102247126    5.4255383194  -11.0332360026 
   3.0900000000   36.3956823403    5.6550037673    5.4122131918  -11.0551280944 
   3.0950000000   36.4227101306    5.5996735720    5.3989059311  -11.0769359993 
   3.1000000000   36.4496714295    5.5442345474    5.3856165991  -11.0986598711 
   3.1050000000   36.4765663266    5.4886871131    5.3723452570  -11.1202998648 
   3.1100000000   36.5033949121    5.4330316882    5.3590919660  -11.1418561363 
   3.1150000000   36.5301572764    5.3772686910    5.3458567866  -11.1633288431 
   3.1200000000   36.5568535103    5.3213985388    5.3326397795  -11.1847181438 
   3.1250000000   36.5834837046    5.2654216483    5.3194410046  -11.2060241980 
   3.1300000000   36.6100479508    5.2093384353    5.3062605219  -11.2272471666 
   3.1350000000   36.6365463404    5.1531493149    5.2930983908  -11.2483872116 
   3.1400000000   36.6629789654    5.0968547011    5.2799546705  -11.2694444962 
   3.1450000000   36.6893459179    5.0404550076    5.2668294199  -11.2904191847 
   3.1500000000   36.7156472905    4.9839506467    5.2537226973  -11.3113114425 
   3.1550000000   36.7418831759    4.9273420302    5.2406345610  -11.3321214360 
   3.1600000000   36.7680536672    4.8706295691    5.2275650688  -11.3528493328 
   3.1650000000   36.7941588577    4.8138136735    5.2145142781  -11.3734953016 
   3.1700000000   36.8201988412    4.7568947524    5.2014822460  -11.3940595120 
   3.1750000000   36.8461737115    4.6998732143    5.1884690292  -11.4145421348 
   3.1800000000   36.8720835629    4.6427494667    5.1754746841  -11.4349433418 
   3.1850000000   36.8979284899    4.5855239163    5.1624992666  -11.4552633056 
   3.1900000000   36.9237085872    4.5281969688    5.1495428323  -11.4755022002 
   3.1950000000   36.9494239500    4.4707690291    5.1366054366  -11.4956602002 
   3.2000000000   36.9750746734    4.4132405013    5.1236871341  -11.5157374814 
   3.2050000000   37.0006608532    4.3556117885    5.1107879793  -11.5357342205 
   3.2100000000   37.0261825852    4.2978832931    5.0979080263  -11.5556505951 
   3.2150000000   37.0516399656    4.2400554162    5.0850473288  -11.5754867839 
   3.2200000000   37.0770330907    4.1821285586    5.0722059398  -11.5952429662 
   3.2250000000   37.1023620573    4.1241031196    5.0593839124  -11.6149193226 
   3.2300000000   37.1276269622    4.0659794981    5.0465812989  -11.6345160342 
   3.2350000000   37.1528279027    4.0077580917    5.0337981512  -11.6540332834 
   3.2400000000   37.1779649762    3.9494392974    5.0210345211  -11.6734712531 
   3.2450000000   37.2030382805    3.8910235110    5.0082904596  -11.6928301272 
   3.2500000000   37.2280479135    3.8325111276    4.9955660176  -11.7121100905 
   3.2550000000   37.2529939735    3.7739025413    4.9828612453  -11.7313113286 
   3.2600000000   37.2778765588    3.7151981452    4.9701761925  -11.7504340278 
   3.2650000000   37.3026957683    3.6563983316    4.9575109089  -11.7694783754 
   3.2700000000   37.3274517010    3.5975034918    4.9448654433  -11.7884445592 
   3.2750000000   37.3521444559    3.5385140160    4.9322398443  -11.8073327682 
   3.2800000000   37.3767741326    3.4794302937    4.9196341602  -11.8261431916 
   3.2850000000   37.4013408308    3.4202527134    4.9070484385  -11.8448760199 
   3.2900000000   37.4258446503    3.3609816625    4.8944827265  -11.8635314441 
   3.2950000000   37.4502856915    3.3016175276    4.8819370711  -11.8821096558 
   3.3000000000   37.4746640545    3.2421606943    4.8694115185  -11.9006108475 
   3.3050000000   37.4989798402    3.1826115472    4.8569061146  -11.9190352123 
   3.3100000000   37.5232331493    3.1229704699    4.8444209049  -11.9373829442 
   3.3150000000   37.5474240830    3.0632378452    4.8319559343  -11.9556542374 
   3.3200000000   37.5715527425    3.0034140546    4.8195112473  -11.9738492873 
   3.3250000000   37.5956192293    2.9434994790    4.8070868881  -11.9919682896 
   3.3300000000   37.6196236453    2.8834944982    4.7946829002  -12.0100114407 
   3.3350000000   37.6435660924    2.8233994907    4.7822993266  -12.0279789378 
   3.3400000000   37.6674466727    2.7632148345    4.7699362102  -12.0458709785 
   3.3450000000   37.6912654886    2.7029409064    4.7575935929  -12.0636877610 
   3.3500000000   37.7150226428    2.6425780820    4.7452715167  -12.0814294844 
   3.3550000000   37.7387182381    2.5821267363    4.7329700226  -12.0990963478 
   3.3600000000   37.7623523774    2.5215872430    4.7206891516  -12.1166885515 
   3.3650000000   37.7859251641    2.4609599749    4.7084289438  -12.1342062959 
   3.3700000000   37.8094367014    2.4002453038    4.6961894391  -12.1516497821 
   3.3750000000   37.8328870930    2.3394436005    4.6839706769  -12.1690192118 
   3.3800000000   37.8562764428    2.2785552348    4.6717726960  -12.1863147870 
   3.3850000000   37.8796048547    2.2175805754    4.6595955348  -12.2035367104 
   3.3900000000   37.9028724329    2.1565199901    4.6474392312  -12.2206851852 
   3.3950000000   37.9260792818    2.0953738456    4.6353038227  -12.2377604149 
   3.4000000000   37.9492255060    2.0341425077    4.6231893462  -12.2547626035 
   3.4050000000   37.9723112102    1.9728263409    4.6110958381  -12.2716919558 
   3.4100000000   37.9953364994    1.9114257091    4.5990233345  -12.2885486764 
   3.4150000000   38.0183014786    1.8499409749    4.5869718709  -12.3053329710 
   3.4200000000   38.0412062532    1.7883724998    4.5749414822  -12.3220450454 
   3.4250000000   38.0640509287    1.7267206445    4.5629322031  -12.3386851057 
   3.4300000000   38.0868356105    1.6649857684    4.5509440675  -12.3552533586 
   3.4350000000   38.1095604046    1.6031682302    4.5389771091  -12.3717500111 
   3.4400000000   38.1322254170    1.5412683873    4.5270313610  -12.3881752706 
   3.4450000000   38.1548307536    1.4792865961    4.5151068556  -12.4045293449 
   3.4500000000   38.1773765210    1.4172232121    4.5032036252  -12.4208124422 
   3.4550000000   38.1998628254    1.3550785897    4.4913217014  -12.4370247708 
   3.4600000000   38.2222897735    1.2928530820    4.4794611153  -12.4531665396 
   3.4650000000   38.2446574722    1.2305470415    4.4676218976  -12.4692379576 
   3.4700000000   38.2669660282    1.1681608194    4.4558040785  -12.4852392345 
   3.4750000000   38.2892155487    1.1056947657    4.4440076876  -12.5011705797 
   3.4800000000   38.3114061408    1.0431492298    4.4322327542  -12.5170322035 
   3.4850000000   38.3335379120    0.9805245596    4.4204793069  -12.5328243160 
   3.4900000000   38.3556109698    0.9178211021    4.4087473741  -12.5485471279 
   3.4950000000   38.3776254217    0.8550392034    4.3970369835  -12.5642008500 
   3.5000000000   38.3995813755    0.7921792084    4.3853481623  -12.5797856933 
   3.5050000000   38.4214789393    0.7292414609    4.3736809374  -12.5953018692 
   3.5100000000   38.4433182209    0.6662263038    4.3620353350  -12.6107495893 
   3.5150000000   38.4650993287    0.6031340788    4.3504113810  -12.6261290652 
   3.5200000000   38.4868223709    0.5399651265    4.3388091007  -12.6414405090 
   3.5250000000   38.5084874559    0.4767197867    4.3272285190  -12.6566841329 
   3.5300000000   38.5300946923    0.4133983979    4.3156696603  -12.6718601492 
   3.5350000000   38.5516441887    0.3500012976    4.3041325485  -12.6869687704 
   3.5400000000   38.5731360540    0.2865288222    4.2926172070  -12.7020102092 
   3.5450000000   38.5945703971    0.2229813071    4.2811236587  -12.7169846786 
   3.5500000000   38.6159473270    0.1593590866    4.2696519263  -12.7318923915 
   3.5550000000   38.6372669528    0.0956624941    4.2582020315  -12.7467335611 
   3.5600000000   38.6585293837    0.0318918616    4.2467739960  -12.7615084007 
