   0.0000000e+00   5.0000000e-01
   1.0000000e-03   5.1570701e-01
   2.0000000e-03   5.3140833e-01
   3.0000000e-03   5.4709827e-01
   4.0000000e-03   5.6277113e-01
   5.0000000e-03   5.7842124e-01
   6.0000000e-03   5.9404296e-01
   7.0000000e-03   6.0963063e-01
   8.0000000e-03   6.2517863e-01
   9.0000000e-03   6.4068137e-01
   1.0000000e-02   6.5613329e-01
   1.1000000e-02   6.7152885e-01
   1.2000000e-02   6.8686255e-01
   1.3000000e-02   7.0212893e-01
   1.4000000e-02   7.1732258e-01
   1.5000000e-02   7.3243811e-01
   1.6000000e-02   7.4747022e-01
   1.7000000e-02   7.6241362e-01
   1.8000000e-02   7.7726311e-01
   1.9000000e-02   7.9201352e-01
   2.0000000e-02   8.0665977e-01
   2.1000000e-02   8.2119683e-01
   2.2000000e-02   8.3561972e-01
   2.3000000e-02   8.4992358e-01
   2.4000000e-02   8.6410358e-01
   2.5000000e-02   8.7815498e-01
   2.6000000e-02   8.9207313e-01
   2.7000000e-02   9.0585346e-01
   2.8000000e-02   9.1949147e-01
   2.9000000e-02   9.3298276e-01
   3.0000000e-02   9.4632303e-01
   3.1000000e-02   9.5950806e-01
   3.2000000e-02   9.7253373e-01
   3.3000000e-02   9.8539603e-01
   3.4000000e-02   9.9809102e-01
   3.5000000e-02   1.0106149e+00
   3.6000000e-02   1.0229640e+00
   3.7000000e-02   1.0351346e+00
   3.8000000e-02   1.0471233e+00
   3.9000000e-02   1.0589266e+00
   4.0000000e-02   1.0705415e+00
   4.1000000e-02   1.0819645e+00
   4.2000000e-02   1.0931928e+00
   4.3000000e-02   1.1042234e+00
   4.4000000e-02   1.1150536e+00
   4.5000000e-02   1.1256805e+00
   4.6000000e-02   1.1361017e+00
   4.7000000e-02   1.1463148e+00
   4.8000000e-02   1.1563174e+00
   4.9000000e-02   1.1661073e+00
   5.0000000e-02   1.1756826e+00
   5.1000000e-02   1.1850412e+00
   5.2000000e-02   1.1941815e+00
   5.3000000e-02   1.2031016e+00
   5.4000000e-02   1.2118001e+00
   5.5000000e-02   1.2202756e+00
   5.6000000e-02   1.2285268e+00
   5.7000000e-02   1.2365526e+00
   5.8000000e-02   1.2443519e+00
   5.9000000e-02   1.2519238e+00
   6.0000000e-02   1.2592677e+00
   6.1000000e-02   1.2663829e+00
   6.2000000e-02   1.2732690e+00
   6.3000000e-02   1.2799255e+00
   6.4000000e-02   1.2863522e+00
   6.5000000e-02   1.2925491e+00
   6.6000000e-02   1.2985163e+00
   6.7000000e-02   1.3042537e+00
   6.8000000e-02   1.3097619e+00
   6.9000000e-02   1.3150412e+00
   7.0000000e-02   1.3200921e+00
   7.1000000e-02   1.3249154e+00
   7.2000000e-02   1.3295118e+00
   7.3000000e-02   1.3338823e+00
   7.4000000e-02   1.3380279e+00
   7.5000000e-02   1.3419499e+00
   7.6000000e-02   1.3456494e+00
   7.7000000e-02   1.3491280e+00
   7.8000000e-02   1.3523871e+00
   7.9000000e-02   1.3554284e+00
   8.0000000e-02   1.3582536e+00
   8.1000000e-02   1.3608647e+00
   8.2000000e-02   1.3632636e+00
   8.3000000e-02   1.3654525e+00
   8.4000000e-02   1.3674334e+00
   8.5000000e-02   1.3692088e+00
   8.6000000e-02   1.3707809e+00
   8.7000000e-02   1.3721524e+00
   8.8000000e-02   1.3733258e+00
   8.9000000e-02   1.3743039e+00
   9.0000000e-02   1.3750893e+00
   9.1000000e-02   1.3756850e+00
   9.2000000e-02   1.3760940e+00
   9.3000000e-02   1.3763194e+00
   9.4000000e-02   1.3763641e+00
   9.5000000e-02   1.3762316e+00
   9.6000000e-02   1.3759250e+00
   9.7000000e-02   1.3754477e+00
   9.8000000e-02   1.3748032e+00
   9.9000000e-02   1.3739950e+00
   1.0000000e-01   1.3730267e+00
   1.0100000e-01   1.3719019e+00
   1.0200000e-01   1.3706242e+00
   1.0300000e-01   1.3691976e+00
   1.0400000e-01   1.3676256e+00
   1.0500000e-01   1.3659124e+00
   1.0600000e-01   1.3640616e+00
   1.0700000e-01   1.3620773e+00
   1.0800000e-01   1.3599636e+00
   1.0900000e-01   1.3577243e+00
   1.1000000e-01   1.3553637e+00
   1.1100000e-01   1.3528858e+00
   1.1200000e-01   1.3502947e+00
   1.1300000e-01   1.3475946e+00
   1.1400000e-01   1.3447896e+00
   1.1500000e-01   1.3418841e+00
   1.1600000e-01   1.3388821e+00
   1.1700000e-01   1.3357880e+00
   1.1800000e-01   1.3326060e+00
   1.1900000e-01   1.3293403e+00
   1.2000000e-01   1.3259952e+00
   1.2100000e-01   1.3225749e+00
   1.2200000e-01   1.3190838e+00
   1.2300000e-01   1.3155259e+00
   1.2400000e-01   1.3119057e+00
   1.2500000e-01   1.3082273e+00
   1.2600000e-01   1.3044949e+00
   1.2700000e-01   1.3007128e+00
   1.2800000e-01   1.2968851e+00
   1.2900000e-01   1.2930159e+00
   1.3000000e-01   1.2891095e+00
   1.3100000e-01   1.2851698e+00
   1.3200000e-01   1.2812011e+00
   1.3300000e-01   1.2772072e+00
   1.3400000e-01   1.2731923e+00
   1.3500000e-01   1.2691602e+00
   1.3600000e-01   1.2651150e+00
   1.3700000e-01   1.2610604e+00
   1.3800000e-01   1.2570002e+00
   1.3900000e-01   1.2529384e+00
   1.4000000e-01   1.2488785e+00
   1.4100000e-01   1.2448243e+00
   1.4200000e-01   1.2407793e+00
   1.4300000e-01   1.2367472e+00
   1.4400000e-01   1.2327313e+00
   1.4500000e-01   1.2287352e+00
   1.4600000e-01   1.2247622e+00
   1.4700000e-01   1.2208156e+00
   1.4800000e-01   1.2168986e+00
   1.4900000e-01   1.2130143e+00
   1.5000000e-01   1.2091659e+00
   1.5100000e-01   1.2053564e+00
   1.5200000e-01   1.2015886e+00
   1.5300000e-01   1.1978654e+00
   1.5400000e-01   1.1941897e+00
   1.5500000e-01   1.1905640e+00
   1.5600000e-01   1.1869910e+00
   1.5700000e-01   1.1834733e+00
   1.5800000e-01   1.1800132e+00
   1.5900000e-01   1.1766130e+00
   1.6000000e-01   1.1732752e+00
   1.6100000e-01   1.1700018e+00
   1.6200000e-01   1.1667949e+00
   1.6300000e-01   1.1636565e+00
   1.6400000e-01   1.1605886e+00
   1.6500000e-01   1.1575929e+00
   1.6600000e-01   1.1546712e+00
   1.6700000e-01   1.1518251e+00
   1.6800000e-01   1.1490561e+00
   1.6900000e-01   1.1463656e+00
   1.7000000e-01   1.1437551e+00
   1.7100000e-01   1.1412258e+00
   1.7200000e-01   1.1387789e+00
   1.7300000e-01   1.1364153e+00
   1.7400000e-01   1.1341361e+00
   1.7500000e-01   1.1319422e+00
   1.7600000e-01   1.1298344e+00
   1.7700000e-01   1.1278133e+00
   1.7800000e-01   1.1258796e+00
   1.7900000e-01   1.1240337e+00
   1.8000000e-01   1.1222761e+00
   1.8100000e-01   1.1206071e+00
   1.8200000e-01   1.1190269e+00
   1.8300000e-01   1.1175357e+00
   1.8400000e-01   1.1161335e+00
   1.8500000e-01   1.1148204e+00
   1.8600000e-01   1.1135961e+00
   1.8700000e-01   1.1124605e+00
   1.8800000e-01   1.1114133e+00
   1.8900000e-01   1.1104541e+00
   1.9000000e-01   1.1095824e+00
   1.9100000e-01   1.1087978e+00
   1.9200000e-01   1.1080995e+00
   1.9300000e-01   1.1074869e+00
   1.9400000e-01   1.1069592e+00
   1.9500000e-01   1.1065155e+00
   1.9600000e-01   1.1061549e+00
   1.9700000e-01   1.1058764e+00
   1.9800000e-01   1.1056790e+00
   1.9900000e-01   1.1055614e+00
   2.0000000e-01   1.1055225e+00
   2.0100000e-01   1.1055610e+00
   2.0200000e-01   1.1056755e+00
   2.0300000e-01   1.1058646e+00
   2.0400000e-01   1.1061269e+00
   2.0500000e-01   1.1064608e+00
   2.0600000e-01   1.1068648e+00
   2.0700000e-01   1.1073372e+00
   2.0800000e-01   1.1078763e+00
   2.0900000e-01   1.1084804e+00
   2.1000000e-01   1.1091476e+00
   2.1100000e-01   1.1098762e+00
   2.1200000e-01   1.1106642e+00
   2.1300000e-01   1.1115098e+00
   2.1400000e-01   1.1124110e+00
   2.1500000e-01   1.1133657e+00
   2.1600000e-01   1.1143719e+00
   2.1700000e-01   1.1154276e+00
   2.1800000e-01   1.1165307e+00
   2.1900000e-01   1.1176790e+00
   2.2000000e-01   1.1188703e+00
   2.2100000e-01   1.1201026e+00
   2.2200000e-01   1.1213735e+00
   2.2300000e-01   1.1226809e+00
   2.2400000e-01   1.1240225e+00
   2.2500000e-01   1.1253960e+00
   2.2600000e-01   1.1267993e+00
   2.2700000e-01   1.1282300e+00
   2.2800000e-01   1.1296859e+00
   2.2900000e-01   1.1311645e+00
   2.3000000e-01   1.1326638e+00
   2.3100000e-01   1.1341813e+00
   2.3200000e-01   1.1357148e+00
   2.3300000e-01   1.1372619e+00
   2.3400000e-01   1.1388204e+00
   2.3500000e-01   1.1403881e+00
   2.3600000e-01   1.1419626e+00
   2.3700000e-01   1.1435416e+00
   2.3800000e-01   1.1451231e+00
   2.3900000e-01   1.1467046e+00
   2.4000000e-01   1.1482841e+00
   2.4100000e-01   1.1498592e+00
   2.4200000e-01   1.1514280e+00
   2.4300000e-01   1.1529881e+00
   2.4400000e-01   1.1545376e+00
   2.4500000e-01   1.1560742e+00
   2.4600000e-01   1.1575960e+00
   2.4700000e-01   1.1591010e+00
   2.4800000e-01   1.1605870e+00
   2.4900000e-01   1.1620523e+00
   2.5000000e-01   1.1634948e+00
   2.5100000e-01   1.1649127e+00
   2.5200000e-01   1.1663041e+00
   2.5300000e-01   1.1676672e+00
   2.5400000e-01   1.1690003e+00
   2.5500000e-01   1.1703016e+00
   2.5600000e-01   1.1715695e+00
   2.5700000e-01   1.1728023e+00
   2.5800000e-01   1.1739985e+00
   2.5900000e-01   1.1751566e+00
   2.6000000e-01   1.1762750e+00
   2.6100000e-01   1.1773524e+00
   2.6200000e-01   1.1783874e+00
   2.6300000e-01   1.1793786e+00
   2.6400000e-01   1.1803247e+00
   2.6500000e-01   1.1812247e+00
   2.6600000e-01   1.1820773e+00
   2.6700000e-01   1.1828814e+00
   2.6800000e-01   1.1836360e+00
   2.6900000e-01   1.1843401e+00
   2.7000000e-01   1.1849928e+00
   2.7100000e-01   1.1855932e+00
   2.7200000e-01   1.1861405e+00
   2.7300000e-01   1.1866340e+00
   2.7400000e-01   1.1870729e+00
   2.7500000e-01   1.1874568e+00
   2.7600000e-01   1.1877849e+00
   2.7700000e-01   1.1880568e+00
   2.7800000e-01   1.1882721e+00
   2.7900000e-01   1.1884304e+00
   2.8000000e-01   1.1885313e+00
   2.8100000e-01   1.1885746e+00
   2.8200000e-01   1.1885602e+00
   2.8300000e-01   1.1884878e+00
   2.8400000e-01   1.1883573e+00
   2.8500000e-01   1.1881689e+00
   2.8600000e-01   1.1879225e+00
   2.8700000e-01   1.1876182e+00
   2.8800000e-01   1.1872561e+00
   2.8900000e-01   1.1868366e+00
   2.9000000e-01   1.1863599e+00
   2.9100000e-01   1.1858262e+00
   2.9200000e-01   1.1852361e+00
   2.9300000e-01   1.1845898e+00
   2.9400000e-01   1.1838881e+00
   2.9500000e-01   1.1831313e+00
   2.9600000e-01   1.1823201e+00
   2.9700000e-01   1.1814551e+00
   2.9800000e-01   1.1805371e+00
   2.9900000e-01   1.1795669e+00
   3.0000000e-01   1.1785451e+00
   3.0100000e-01   1.1774728e+00
   3.0200000e-01   1.1763507e+00
   3.0300000e-01   1.1751798e+00
   3.0400000e-01   1.1739612e+00
   3.0500000e-01   1.1726958e+00
   3.0600000e-01   1.1713847e+00
   3.0700000e-01   1.1700291e+00
   3.0800000e-01   1.1686300e+00
   3.0900000e-01   1.1671887e+00
   3.1000000e-01   1.1657065e+00
   3.1100000e-01   1.1641845e+00
   3.1200000e-01   1.1626240e+00
   3.1300000e-01   1.1610265e+00
   3.1400000e-01   1.1593931e+00
   3.1500000e-01   1.1577254e+00
   3.1600000e-01   1.1560248e+00
   3.1700000e-01   1.1542926e+00
   3.1800000e-01   1.1525303e+00
   3.1900000e-01   1.1507395e+00
   3.2000000e-01   1.1489215e+00
   3.2100000e-01   1.1470780e+00
   3.2200000e-01   1.1452105e+00
   3.2300000e-01   1.1433205e+00
   3.2400000e-01   1.1414096e+00
   3.2500000e-01   1.1394793e+00
   3.2600000e-01   1.1375314e+00
   3.2700000e-01   1.1355673e+00
   3.2800000e-01   1.1335886e+00
   3.2900000e-01   1.1315971e+00
   3.3000000e-01   1.1295942e+00
   3.3100000e-01   1.1275817e+00
   3.3200000e-01   1.1255611e+00
   3.3300000e-01   1.1235341e+00
   3.3400000e-01   1.1215022e+00
   3.3500000e-01   1.1194671e+00
   3.3600000e-01   1.1174304e+00
   3.3700000e-01   1.1153937e+00
   3.3800000e-01   1.1133586e+00
   3.3900000e-01   1.1113266e+00
   3.4000000e-01   1.1092993e+00
   3.4100000e-01   1.1072783e+00
   3.4200000e-01   1.1052651e+00
   3.4300000e-01   1.1032612e+00
   3.4400000e-01   1.1012681e+00
   3.4500000e-01   1.0992874e+00
   3.4600000e-01   1.0973204e+00
   3.4700000e-01   1.0953686e+00
   3.4800000e-01   1.0934334e+00
   3.4900000e-01   1.0915163e+00
   3.5000000e-01   1.0896185e+00
   3.5100000e-01   1.0877415e+00
   3.5200000e-01   1.0858865e+00
   3.5300000e-01   1.0840548e+00
   3.5400000e-01   1.0822476e+00
   3.5500000e-01   1.0804662e+00
   3.5600000e-01   1.0787118e+00
   3.5700000e-01   1.0769854e+00
   3.5800000e-01   1.0752883e+00
   3.5900000e-01   1.0736214e+00
   3.6000000e-01   1.0719859e+00
   3.6100000e-01   1.0703827e+00
   3.6200000e-01   1.0688128e+00
   3.6300000e-01   1.0672771e+00
   3.6400000e-01   1.0657765e+00
   3.6500000e-01   1.0643118e+00
   3.6600000e-01   1.0628839e+00
   3.6700000e-01   1.0614935e+00
   3.6800000e-01   1.0601413e+00
   3.6900000e-01   1.0588280e+00
   3.7000000e-01   1.0575542e+00
   3.7100000e-01   1.0563205e+00
   3.7200000e-01   1.0551274e+00
   3.7300000e-01   1.0539755e+00
   3.7400000e-01   1.0528652e+00
   3.7500000e-01   1.0517969e+00
   3.7600000e-01   1.0507709e+00
   3.7700000e-01   1.0497876e+00
   3.7800000e-01   1.0488473e+00
   3.7900000e-01   1.0479501e+00
   3.8000000e-01   1.0470962e+00
   3.8100000e-01   1.0462858e+00
   3.8200000e-01   1.0455190e+00
   3.8300000e-01   1.0447958e+00
   3.8400000e-01   1.0441161e+00
   3.8500000e-01   1.0434800e+00
   3.8600000e-01   1.0428873e+00
   3.8700000e-01   1.0423380e+00
   3.8800000e-01   1.0418317e+00
   3.8900000e-01   1.0413684e+00
   3.9000000e-01   1.0409476e+00
   3.9100000e-01   1.0405692e+00
   3.9200000e-01   1.0402327e+00
   3.9300000e-01   1.0399378e+00
   3.9400000e-01   1.0396840e+00
   3.9500000e-01   1.0394708e+00
   3.9600000e-01   1.0392977e+00
   3.9700000e-01   1.0391642e+00
   3.9800000e-01   1.0390696e+00
   3.9900000e-01   1.0390134e+00
   4.0000000e-01   1.0389948e+00
   4.0100000e-01   1.0390132e+00
   4.0200000e-01   1.0390677e+00
   4.0300000e-01   1.0391577e+00
   4.0400000e-01   1.0392823e+00
   4.0500000e-01   1.0394406e+00
   4.0600000e-01   1.0396319e+00
   4.0700000e-01   1.0398552e+00
   4.0800000e-01   1.0401095e+00
   4.0900000e-01   1.0403939e+00
   4.1000000e-01   1.0407075e+00
   4.1100000e-01   1.0410491e+00
   4.1200000e-01   1.0414179e+00
   4.1300000e-01   1.0418126e+00
   4.1400000e-01   1.0422323e+00
   4.1500000e-01   1.0426758e+00
   4.1600000e-01   1.0431420e+00
   4.1700000e-01   1.0436297e+00
   4.1800000e-01   1.0441379e+00
   4.1900000e-01   1.0446652e+00
   4.2000000e-01   1.0452107e+00
   4.2100000e-01   1.0457729e+00
   4.2200000e-01   1.0463508e+00
   4.2300000e-01   1.0469430e+00
   4.2400000e-01   1.0475484e+00
   4.2500000e-01   1.0481658e+00
   4.2600000e-01   1.0487937e+00
   4.2700000e-01   1.0494311e+00
   4.2800000e-01   1.0500767e+00
   4.2900000e-01   1.0507291e+00
   4.3000000e-01   1.0513871e+00
   4.3100000e-01   1.0520495e+00
   4.3200000e-01   1.0527150e+00
   4.3300000e-01   1.0533823e+00
   4.3400000e-01   1.0540502e+00
   4.3500000e-01   1.0547173e+00
   4.3600000e-01   1.0553826e+00
   4.3700000e-01   1.0560447e+00
   4.3800000e-01   1.0567023e+00
   4.3900000e-01   1.0573543e+00
   4.4000000e-01   1.0579995e+00
   4.4100000e-01   1.0586367e+00
   4.4200000e-01   1.0592646e+00
   4.4300000e-01   1.0598821e+00
   4.4400000e-01   1.0604881e+00
   4.4500000e-01   1.0610813e+00
   4.4600000e-01   1.0616608e+00
   4.4700000e-01   1.0622253e+00
   4.4800000e-01   1.0627739e+00
   4.4900000e-01   1.0633054e+00
   4.5000000e-01   1.0638188e+00
   4.5100000e-01   1.0643131e+00
   4.5200000e-01   1.0647873e+00
   4.5300000e-01   1.0652404e+00
   4.5400000e-01   1.0656716e+00
   4.5500000e-01   1.0660798e+00
   4.5600000e-01   1.0664642e+00
   4.5700000e-01   1.0668239e+00
   4.5800000e-01   1.0671582e+00
   4.5900000e-01   1.0674662e+00
   4.6000000e-01   1.0677471e+00
   4.6100000e-01   1.0680002e+00
   4.6200000e-01   1.0682248e+00
   4.6300000e-01   1.0684203e+00
   4.6400000e-01   1.0685859e+00
   4.6500000e-01   1.0687211e+00
   4.6600000e-01   1.0688253e+00
   4.6700000e-01   1.0688980e+00
   4.6800000e-01   1.0689387e+00
   4.6900000e-01   1.0689469e+00
   4.7000000e-01   1.0689221e+00
   4.7100000e-01   1.0688640e+00
   4.7200000e-01   1.0687723e+00
   4.7300000e-01   1.0686465e+00
   4.7400000e-01   1.0684865e+00
   4.7500000e-01   1.0682919e+00
   4.7600000e-01   1.0680625e+00
   4.7700000e-01   1.0677982e+00
   4.7800000e-01   1.0674989e+00
   4.7900000e-01   1.0671644e+00
   4.8000000e-01   1.0667946e+00
   4.8100000e-01   1.0663896e+00
   4.8200000e-01   1.0659494e+00
   4.8300000e-01   1.0654739e+00
   4.8400000e-01   1.0649633e+00
   4.8500000e-01   1.0644177e+00
   4.8600000e-01   1.0638373e+00
   4.8700000e-01   1.0632221e+00
   4.8800000e-01   1.0625726e+00
   4.8900000e-01   1.0618889e+00
   4.9000000e-01   1.0611713e+00
   4.9100000e-01   1.0604202e+00
   4.9200000e-01   1.0596359e+00
   4.9300000e-01   1.0588187e+00
   4.9400000e-01   1.0579693e+00
   4.9500000e-01   1.0570879e+00
   4.9600000e-01   1.0561751e+00
   4.9700000e-01   1.0552315e+00
   4.9800000e-01   1.0542575e+00
   4.9900000e-01   1.0532538e+00
   5.0000000e-01   1.0522210e+00
   5.0100000e-01   1.0511596e+00
   5.0200000e-01   1.0500705e+00
   5.0300000e-01   1.0489542e+00
   5.0400000e-01   1.0478115e+00
   5.0500000e-01   1.0466432e+00
   5.0600000e-01   1.0454499e+00
   5.0700000e-01   1.0442326e+00
   5.0800000e-01   1.0429920e+00
   5.0900000e-01   1.0417289e+00
   5.1000000e-01   1.0404443e+00
   5.1100000e-01   1.0391389e+00
   5.1200000e-01   1.0378137e+00
   5.1300000e-01   1.0364696e+00
   5.1400000e-01   1.0351075e+00
   5.1500000e-01   1.0337284e+00
   5.1600000e-01   1.0323332e+00
   5.1700000e-01   1.0309229e+00
   5.1800000e-01   1.0294985e+00
   5.1900000e-01   1.0280610e+00
   5.2000000e-01   1.0266113e+00
   5.2100000e-01   1.0251506e+00
   5.2200000e-01   1.0236797e+00
   5.2300000e-01   1.0221998e+00
   5.2400000e-01   1.0207119e+00
   5.2500000e-01   1.0192171e+00
   5.2600000e-01   1.0177162e+00
   5.2700000e-01   1.0162106e+00
   5.2800000e-01   1.0147010e+00
   5.2900000e-01   1.0131887e+00
   5.3000000e-01   1.0116747e+00
   5.3100000e-01   1.0101600e+00
   5.3200000e-01   1.0086456e+00
   5.3300000e-01   1.0071326e+00
   5.3400000e-01   1.0056221e+00
   5.3500000e-01   1.0041150e+00
   5.3600000e-01   1.0026124e+00
   5.3700000e-01   1.0011152e+00
   5.3800000e-01   9.9962463e-01
   5.3900000e-01   9.9814151e-01
   5.4000000e-01   9.9666686e-01
   5.4100000e-01   9.9520167e-01
   5.4200000e-01   9.9374689e-01
   5.4300000e-01   9.9230346e-01
   5.4400000e-01   9.9087231e-01
   5.4500000e-01   9.8945435e-01
   5.4600000e-01   9.8805049e-01
   5.4700000e-01   9.8666160e-01
   5.4800000e-01   9.8528855e-01
   5.4900000e-01   9.8393216e-01
   5.5000000e-01   9.8259328e-01
   5.5100000e-01   9.8127269e-01
   5.5200000e-01   9.7997117e-01
   5.5300000e-01   9.7868949e-01
   5.5400000e-01   9.7742837e-01
   5.5500000e-01   9.7618852e-01
   5.5600000e-01   9.7497063e-01
   5.5700000e-01   9.7377536e-01
   5.5800000e-01   9.7260335e-01
   5.5900000e-01   9.7145519e-01
   5.6000000e-01   9.7033148e-01
   5.6100000e-01   9.6923276e-01
   5.6200000e-01   9.6815956e-01
   5.6300000e-01   9.6711238e-01
   5.6400000e-01   9.6609169e-01
   5.6500000e-01   9.6509793e-01
   5.6600000e-01   9.6413151e-01
   5.6700000e-01   9.6319280e-01
   5.6800000e-01   9.6228216e-01
   5.6900000e-01   9.6139991e-01
   5.7000000e-01   9.6054634e-01
   5.7100000e-01   9.5972170e-01
   5.7200000e-01   9.5892623e-01
   5.7300000e-01   9.5816012e-01
   5.7400000e-01   9.5742354e-01
   5.7500000e-01   9.5671661e-01
   5.7600000e-01   9.5603944e-01
   5.7700000e-01   9.5539211e-01
   5.7800000e-01   9.5477464e-01
   5.7900000e-01   9.5418706e-01
   5.8000000e-01   9.5362934e-01
   5.8100000e-01   9.5310141e-01
   5.8200000e-01   9.5260321e-01
   5.8300000e-01   9.5213461e-01
   5.8400000e-01   9.5169546e-01
   5.8500000e-01   9.5128559e-01
   5.8600000e-01   9.5090480e-01
   5.8700000e-01   9.5055284e-01
   5.8800000e-01   9.5022945e-01
   5.8900000e-01   9.4993433e-01
   5.9000000e-01   9.4966717e-01
   5.9100000e-01   9.4942761e-01
   5.9200000e-01   9.4921526e-01
   5.9300000e-01   9.4902973e-01
   5.9400000e-01   9.4887058e-01
   5.9500000e-01   9.4873734e-01
   5.9600000e-01   9.4862954e-01
   5.9700000e-01   9.4854666e-01
   5.9800000e-01   9.4848817e-01
   5.9900000e-01   9.4845350e-01
   6.0000000e-01   9.4844208e-01
   6.0100000e-01   9.4845330e-01
   6.0200000e-01   9.4848653e-01
   6.0300000e-01   9.4854112e-01
   6.0400000e-01   9.4861640e-01
   6.0500000e-01   9.4871169e-01
   6.0600000e-01   9.4882628e-01
   6.0700000e-01   9.4895944e-01
   6.0800000e-01   9.4911043e-01
   6.0900000e-01   9.4927849e-01
   6.1000000e-01   9.4946285e-01
   6.1100000e-01   9.4966270e-01
   6.1200000e-01   9.4987726e-01
   6.1300000e-01   9.5010570e-01
   6.1400000e-01   9.5034719e-01
   6.1500000e-01   9.5060090e-01
   6.1600000e-01   9.5086597e-01
   6.1700000e-01   9.5114154e-01
   6.1800000e-01   9.5142674e-01
   6.1900000e-01   9.5172069e-01
   6.2000000e-01   9.5202252e-01
   6.2100000e-01   9.5233132e-01
   6.2200000e-01   9.5264622e-01
   6.2300000e-01   9.5296630e-01
   6.2400000e-01   9.5329067e-01
   6.2500000e-01   9.5361843e-01
   6.2600000e-01   9.5394867e-01
   6.2700000e-01   9.5428048e-01
   6.2800000e-01   9.5461297e-01
   6.2900000e-01   9.5494523e-01
   6.3000000e-01   9.5527636e-01
   6.3100000e-01   9.5560546e-01
   6.3200000e-01   9.5593166e-01
   6.3300000e-01   9.5625405e-01
   6.3400000e-01   9.5657176e-01
   6.3500000e-01   9.5688392e-01
   6.3600000e-01   9.5718967e-01
   6.3700000e-01   9.5748815e-01
   6.3800000e-01   9.5777851e-01
   6.3900000e-01   9.5805993e-01
   6.4000000e-01   9.5833157e-01
   6.4100000e-01   9.5859263e-01
   6.4200000e-01   9.5884231e-01
   6.4300000e-01   9.5907984e-01
   6.4400000e-01   9.5930443e-01
   6.4500000e-01   9.5951534e-01
   6.4600000e-01   9.5971183e-01
   6.4700000e-01   9.5989318e-01
   6.4800000e-01   9.6005869e-01
   6.4900000e-01   9.6020768e-01
   6.5000000e-01   9.6033949e-01
   6.5100000e-01   9.6045346e-01
   6.5200000e-01   9.6054897e-01
   6.5300000e-01   9.6062542e-01
   6.5400000e-01   9.6068224e-01
   6.5500000e-01   9.6071885e-01
   6.5600000e-01   9.6073472e-01
   6.5700000e-01   9.6072934e-01
   6.5800000e-01   9.6070221e-01
   6.5900000e-01   9.6065288e-01
   6.6000000e-01   9.6058089e-01
   6.6100000e-01   9.6048583e-01
   6.6200000e-01   9.6036731e-01
   6.6300000e-01   9.6022497e-01
   6.6400000e-01   9.6005845e-01
   6.6500000e-01   9.5986744e-01
   6.6600000e-01   9.5965167e-01
   6.6700000e-01   9.5941086e-01
   6.6800000e-01   9.5914478e-01
   6.6900000e-01   9.5885322e-01
   6.7000000e-01   9.5853600e-01
   6.7100000e-01   9.5819297e-01
   6.7200000e-01   9.5782401e-01
   6.7300000e-01   9.5742900e-01
   6.7400000e-01   9.5700789e-01
   6.7500000e-01   9.5656063e-01
   6.7600000e-01   9.5608721e-01
   6.7700000e-01   9.5558762e-01
   6.7800000e-01   9.5506192e-01
   6.7900000e-01   9.5451017e-01
   6.8000000e-01   9.5393246e-01
   6.8100000e-01   9.5332891e-01
   6.8200000e-01   9.5269967e-01
   6.8300000e-01   9.5204491e-01
   6.8400000e-01   9.5136484e-01
   6.8500000e-01   9.5065966e-01
   6.8600000e-01   9.4992965e-01
   6.8700000e-01   9.4917507e-01
   6.8800000e-01   9.4839622e-01
   6.8900000e-01   9.4759343e-01
   6.9000000e-01   9.4676706e-01
   6.9100000e-01   9.4591748e-01
   6.9200000e-01   9.4504507e-01
   6.9300000e-01   9.4415028e-01
   6.9400000e-01   9.4323353e-01
   6.9500000e-01   9.4229529e-01
   6.9600000e-01   9.4133606e-01
   6.9700000e-01   9.4035633e-01
   6.9800000e-01   9.3935663e-01
   6.9900000e-01   9.3833752e-01
   7.0000000e-01   9.3729956e-01
   7.0100000e-01   9.3624332e-01
   7.0200000e-01   9.3516943e-01
   7.0300000e-01   9.3407848e-01
   7.0400000e-01   9.3297113e-01
   7.0500000e-01   9.3184802e-01
   7.0600000e-01   9.3070982e-01
   7.0700000e-01   9.2955721e-01
   7.0800000e-01   9.2839088e-01
   7.0900000e-01   9.2721154e-01
   7.1000000e-01   9.2601992e-01
   7.1100000e-01   9.2481673e-01
   7.1200000e-01   9.2360273e-01
   7.1300000e-01   9.2237866e-01
   7.1400000e-01   9.2114528e-01
   7.1500000e-01   9.1990336e-01
   7.1600000e-01   9.1865367e-01
   7.1700000e-01   9.1739700e-01
   7.1800000e-01   9.1613413e-01
   7.1900000e-01   9.1486585e-01
   7.2000000e-01   9.1359295e-01
   7.2100000e-01   9.1231624e-01
   7.2200000e-01   9.1103652e-01
   7.2300000e-01   9.0975459e-01
   7.2400000e-01   9.0847124e-01
   7.2500000e-01   9.0718729e-01
   7.2600000e-01   9.0590353e-01
   7.2700000e-01   9.0462076e-01
   7.2800000e-01   9.0333977e-01
   7.2900000e-01   9.0206137e-01
   7.3000000e-01   9.0078634e-01
   7.3100000e-01   8.9951545e-01
   7.3200000e-01   8.9824950e-01
   7.3300000e-01   8.9698924e-01
   7.3400000e-01   8.9573544e-01
   7.3500000e-01   8.9448886e-01
   7.3600000e-01   8.9325023e-01
   7.3700000e-01   8.9202030e-01
   7.3800000e-01   8.9079978e-01
   7.3900000e-01   8.8958939e-01
   7.4000000e-01   8.8838983e-01
   7.4100000e-01   8.8720179e-01
   7.4200000e-01   8.8602595e-01
   7.4300000e-01   8.8486295e-01
   7.4400000e-01   8.8371345e-01
   7.4500000e-01   8.8257808e-01
   7.4600000e-01   8.8145744e-01
   7.4700000e-01   8.8035215e-01
   7.4800000e-01   8.7926277e-01
   7.4900000e-01   8.7818986e-01
   7.5000000e-01   8.7713398e-01
   7.5100000e-01   8.7609564e-01
   7.5200000e-01   8.7507535e-01
   7.5300000e-01   8.7407359e-01
   7.5400000e-01   8.7309083e-01
   7.5500000e-01   8.7212751e-01
   7.5600000e-01   8.7118406e-01
   7.5700000e-01   8.7026087e-01
   7.5800000e-01   8.6935832e-01
   7.5900000e-01   8.6847677e-01
   7.6000000e-01   8.6761655e-01
   7.6100000e-01   8.6677797e-01
   7.6200000e-01   8.6596132e-01
   7.6300000e-01   8.6516687e-01
   7.6400000e-01   8.6439484e-01
   7.6500000e-01   8.6364546e-01
   7.6600000e-01   8.6291892e-01
   7.6700000e-01   8.6221539e-01
   7.6800000e-01   8.6153500e-01
   7.6900000e-01   8.6087788e-01
   7.7000000e-01   8.6024413e-01
   7.7100000e-01   8.5963380e-01
   7.7200000e-01   8.5904694e-01
   7.7300000e-01   8.5848358e-01
   7.7400000e-01   8.5794370e-01
   7.7500000e-01   8.5742729e-01
   7.7600000e-01   8.5693427e-01
   7.7700000e-01   8.5646459e-01
   7.7800000e-01   8.5601812e-01
   7.7900000e-01   8.5559475e-01
   7.8000000e-01   8.5519433e-01
   7.8100000e-01   8.5481668e-01
   7.8200000e-01   8.5446159e-01
   7.8300000e-01   8.5412886e-01
   7.8400000e-01   8.5381824e-01
   7.8500000e-01   8.5352945e-01
   7.8600000e-01   8.5326221e-01
   7.8700000e-01   8.5301622e-01
   7.8800000e-01   8.5279112e-01
   7.8900000e-01   8.5258658e-01
   7.9000000e-01   8.5240221e-01
   7.9100000e-01   8.5223762e-01
   7.9200000e-01   8.5209240e-01
   7.9300000e-01   8.5196610e-01
   7.9400000e-01   8.5185828e-01
   7.9500000e-01   8.5176847e-01
   7.9600000e-01   8.5169616e-01
   7.9700000e-01   8.5164086e-01
   7.9800000e-01   8.5160204e-01
   7.9900000e-01   8.5157916e-01
   8.0000000e-01   8.5157166e-01
   8.0100000e-01   8.5157896e-01
   8.0200000e-01   8.5160050e-01
   8.0300000e-01   8.5163565e-01
   8.0400000e-01   8.5168382e-01
   8.0500000e-01   8.5174437e-01
   8.0600000e-01   8.5181667e-01
   8.0700000e-01   8.5190006e-01
   8.0800000e-01   8.5199390e-01
   8.0900000e-01   8.5209751e-01
   8.1000000e-01   8.5221021e-01
   8.1100000e-01   8.5233132e-01
   8.1200000e-01   8.5246014e-01
   8.1300000e-01   8.5259598e-01
   8.1400000e-01   8.5273812e-01
   8.1500000e-01   8.5288586e-01
   8.1600000e-01   8.5303848e-01
   8.1700000e-01   8.5319525e-01
   8.1800000e-01   8.5335547e-01
   8.1900000e-01   8.5351839e-01
   8.2000000e-01   8.5368330e-01
   8.2100000e-01   8.5384946e-01
   8.2200000e-01   8.5401615e-01
   8.2300000e-01   8.5418264e-01
   8.2400000e-01   8.5434821e-01
   8.2500000e-01   8.5451213e-01
   8.2600000e-01   8.5467368e-01
   8.2700000e-01   8.5483215e-01
   8.2800000e-01   8.5498683e-01
   8.2900000e-01   8.5513700e-01
   8.3000000e-01   8.5528197e-01
   8.3100000e-01   8.5542104e-01
   8.3200000e-01   8.5555352e-01
   8.3300000e-01   8.5567875e-01
   8.3400000e-01   8.5579605e-01
   8.3500000e-01   8.5590475e-01
   8.3600000e-01   8.5600421e-01
   8.3700000e-01   8.5609379e-01
   8.3800000e-01   8.5617286e-01
   8.3900000e-01   8.5624081e-01
   8.4000000e-01   8.5629703e-01
   8.4100000e-01   8.5634094e-01
   8.4200000e-01   8.5637195e-01
   8.4300000e-01   8.5638951e-01
   8.4400000e-01   8.5639307e-01
   8.4500000e-01   8.5638210e-01
   8.4600000e-01   8.5635609e-01
   8.4700000e-01   8.5631454e-01
   8.4800000e-01   8.5625697e-01
   8.4900000e-01   8.5618291e-01
   8.5000000e-01   8.5609192e-01
   8.5100000e-01   8.5598357e-01
   8.5200000e-01   8.5585747e-01
   8.5300000e-01   8.5571321e-01
   8.5400000e-01   8.5555043e-01
   8.5500000e-01   8.5536879e-01
   8.5600000e-01   8.5516794e-01
   8.5700000e-01   8.5494760e-01
   8.5800000e-01   8.5470747e-01
   8.5900000e-01   8.5444728e-01
   8.6000000e-01   8.5416679e-01
   8.6100000e-01   8.5386578e-01
   8.6200000e-01   8.5354405e-01
   8.6300000e-01   8.5320143e-01
   8.6400000e-01   8.5283775e-01
   8.6500000e-01   8.5245288e-01
   8.6600000e-01   8.5204671e-01
   8.6700000e-01   8.5161916e-01
   8.6800000e-01   8.5117015e-01
   8.6900000e-01   8.5069964e-01
   8.7000000e-01   8.5020762e-01
   8.7100000e-01   8.4969408e-01
   8.7200000e-01   8.4915904e-01
   8.7300000e-01   8.4860257e-01
   8.7400000e-01   8.4802471e-01
   8.7500000e-01   8.4742558e-01
   8.7600000e-01   8.4680527e-01
   8.7700000e-01   8.4616393e-01
   8.7800000e-01   8.4550170e-01
   8.7900000e-01   8.4481879e-01
   8.8000000e-01   8.4411537e-01
   8.8100000e-01   8.4339168e-01
   8.8200000e-01   8.4264795e-01
   8.8300000e-01   8.4188445e-01
   8.8400000e-01   8.4110147e-01
   8.8500000e-01   8.4029930e-01
   8.8600000e-01   8.3947828e-01
   8.8700000e-01   8.3863873e-01
   8.8800000e-01   8.3778103e-01
   8.8900000e-01   8.3690556e-01
   8.9000000e-01   8.3601270e-01
   8.9100000e-01   8.3510288e-01
   8.9200000e-01   8.3417654e-01
   8.9300000e-01   8.3323411e-01
   8.9400000e-01   8.3227606e-01
   8.9500000e-01   8.3130288e-01
   8.9600000e-01   8.3031506e-01
   8.9700000e-01   8.2931312e-01
   8.9800000e-01   8.2829757e-01
   8.9900000e-01   8.2726895e-01
   9.0000000e-01   8.2622783e-01
   9.0100000e-01   8.2517475e-01
   9.0200000e-01   8.2411030e-01
   9.0300000e-01   8.2303505e-01
   9.0400000e-01   8.2194962e-01
   9.0500000e-01   8.2085460e-01
   9.0600000e-01   8.1975061e-01
   9.0700000e-01   8.1863827e-01
   9.0800000e-01   8.1751822e-01
   9.0900000e-01   8.1639109e-01
   9.1000000e-01   8.1525753e-01
   9.1100000e-01   8.1411820e-01
   9.1200000e-01   8.1297374e-01
   9.1300000e-01   8.1182481e-01
   9.1400000e-01   8.1067209e-01
   9.1500000e-01   8.0951624e-01
   9.1600000e-01   8.0835793e-01
   9.1700000e-01   8.0719783e-01
   9.1800000e-01   8.0603661e-01
   9.1900000e-01   8.0487494e-01
   9.2000000e-01   8.0371351e-01
   9.2100000e-01   8.0255297e-01
   9.2200000e-01   8.0139399e-01
   9.2300000e-01   8.0023725e-01
   9.2400000e-01   7.9908340e-01
   9.2500000e-01   7.9793311e-01
   9.2600000e-01   7.9678703e-01
   9.2700000e-01   7.9564580e-01
   9.2800000e-01   7.9451007e-01
   9.2900000e-01   7.9338047e-01
   9.3000000e-01   7.9225764e-01
   9.3100000e-01   7.9114220e-01
   9.3200000e-01   7.9003475e-01
   9.3300000e-01   7.8893590e-01
   9.3400000e-01   7.8784624e-01
   9.3500000e-01   7.8676636e-01
   9.3600000e-01   7.8569682e-01
   9.3700000e-01   7.8463819e-01
   9.3800000e-01   7.8359102e-01
   9.3900000e-01   7.8255583e-01
   9.4000000e-01   7.8153316e-01
   9.4100000e-01   7.8052350e-01
   9.4200000e-01   7.7952735e-01
   9.4300000e-01   7.7854519e-01
   9.4400000e-01   7.7757748e-01
   9.4500000e-01   7.7662467e-01
   9.4600000e-01   7.7568720e-01
   9.4700000e-01   7.7476546e-01
   9.4800000e-01   7.7385987e-01
   9.4900000e-01   7.7297080e-01
   9.5000000e-01   7.7209862e-01
   9.5100000e-01   7.7124366e-01
   9.5200000e-01   7.7040625e-01
   9.5300000e-01   7.6958670e-01
   9.5400000e-01   7.6878530e-01
   9.5500000e-01   7.6800232e-01
   9.5600000e-01   7.6723799e-01
   9.5700000e-01   7.6649256e-01
   9.5800000e-01   7.6576622e-01
   9.5900000e-01   7.6505917e-01
   9.6000000e-01   7.6437157e-01
   9.6100000e-01   7.6370357e-01
   9.6200000e-01   7.6305530e-01
   9.6300000e-01   7.6242686e-01
   9.6400000e-01   7.6181833e-01
   9.6500000e-01   7.6122979e-01
   9.6600000e-01   7.6066126e-01
   9.6700000e-01   7.6011277e-01
   9.6800000e-01   7.5958432e-01
   9.6900000e-01   7.5907590e-01
   9.7000000e-01   7.5858745e-01
   9.7100000e-01   7.5811892e-01
   9.7200000e-01   7.5767021e-01
   9.7300000e-01   7.5724124e-01
   9.7400000e-01   7.5683187e-01
   9.7500000e-01   7.5644195e-01
   9.7600000e-01   7.5607132e-01
   9.7700000e-01   7.5571980e-01
   9.7800000e-01   7.5538718e-01
   9.7900000e-01   7.5507324e-01
   9.8000000e-01   7.5477772e-01
   9.8100000e-01   7.5450037e-01
   9.8200000e-01   7.5424091e-01
   9.8300000e-01   7.5399903e-01
   9.8400000e-01   7.5377442e-01
   9.8500000e-01   7.5356673e-01
   9.8600000e-01   7.5337563e-01
   9.8700000e-01   7.5320072e-01
   9.8800000e-01   7.5304164e-01
   9.8900000e-01   7.5289797e-01
   9.9000000e-01   7.5276930e-01
   9.9100000e-01   7.5265520e-01
   9.9200000e-01   7.5255520e-01
   9.9300000e-01   7.5246886e-01
   9.9400000e-01   7.5239569e-01
   9.9500000e-01   7.5233520e-01
   9.9600000e-01   7.5228690e-01
   9.9700000e-01   7.5225026e-01
   9.9800000e-01   7.5222476e-01
   9.9900000e-01   7.5220987e-01
   1.0000000e+00   7.5220503e-01
   1.0010000e+00   7.5220968e-01
   1.0020000e+00   7.5222326e-01
   1.0030000e+00   7.5224520e-01
   1.0040000e+00   7.5227491e-01
   1.0050000e+00   7.5231179e-01
   1.0060000e+00   7.5235525e-01
   1.0070000e+00   7.5240469e-01
   1.0080000e+00   7.5245949e-01
   1.0090000e+00   7.5251905e-01
   1.0100000e+00   7.5258273e-01
   1.0110000e+00   7.5264993e-01
   1.0120000e+00   7.5272000e-01
   1.0130000e+00   7.5279233e-01
   1.0140000e+00   7.5286629e-01
   1.0150000e+00   7.5294124e-01
   1.0160000e+00   7.5301656e-01
   1.0170000e+00   7.5309161e-01
   1.0180000e+00   7.5316576e-01
   1.0190000e+00   7.5323839e-01
   1.0200000e+00   7.5330886e-01
   1.0210000e+00   7.5337657e-01
   1.0220000e+00   7.5344089e-01
   1.0230000e+00   7.5350120e-01
   1.0240000e+00   7.5355689e-01
   1.0250000e+00   7.5360737e-01
   1.0260000e+00   7.5365202e-01
   1.0270000e+00   7.5369027e-01
   1.0280000e+00   7.5372153e-01
   1.0290000e+00   7.5374522e-01
   1.0300000e+00   7.5376077e-01
   1.0310000e+00   7.5376763e-01
   1.0320000e+00   7.5376524e-01
   1.0330000e+00   7.5375308e-01
   1.0340000e+00   7.5373061e-01
   1.0350000e+00   7.5369731e-01
   1.0360000e+00   7.5365269e-01
   1.0370000e+00   7.5359625e-01
   1.0380000e+00   7.5352752e-01
   1.0390000e+00   7.5344602e-01
   1.0400000e+00   7.5335131e-01
   1.0410000e+00   7.5324295e-01
   1.0420000e+00   7.5312051e-01
   1.0430000e+00   7.5298360e-01
   1.0440000e+00   7.5283182e-01
   1.0450000e+00   7.5266480e-01
   1.0460000e+00   7.5248217e-01
   1.0470000e+00   7.5228360e-01
   1.0480000e+00   7.5206876e-01
   1.0490000e+00   7.5183734e-01
   1.0500000e+00   7.5158905e-01
   1.0510000e+00   7.5132362e-01
   1.0520000e+00   7.5104081e-01
   1.0530000e+00   7.5074036e-01
   1.0540000e+00   7.5042208e-01
   1.0550000e+00   7.5008575e-01
   1.0560000e+00   7.4973121e-01
   1.0570000e+00   7.4935829e-01
   1.0580000e+00   7.4896685e-01
   1.0590000e+00   7.4855678e-01
   1.0600000e+00   7.4812797e-01
   1.0610000e+00   7.4768035e-01
   1.0620000e+00   7.4721385e-01
   1.0630000e+00   7.4672843e-01
   1.0640000e+00   7.4622407e-01
   1.0650000e+00   7.4570078e-01
   1.0660000e+00   7.4515857e-01
   1.0670000e+00   7.4459748e-01
   1.0680000e+00   7.4401756e-01
   1.0690000e+00   7.4341891e-01
   1.0700000e+00   7.4280161e-01
   1.0710000e+00   7.4216578e-01
   1.0720000e+00   7.4151156e-01
   1.0730000e+00   7.4083911e-01
   1.0740000e+00   7.4014859e-01
   1.0750000e+00   7.3944021e-01
   1.0760000e+00   7.3871418e-01
   1.0770000e+00   7.3797072e-01
   1.0780000e+00   7.3721009e-01
   1.0790000e+00   7.3643255e-01
   1.0800000e+00   7.3563839e-01
   1.0810000e+00   7.3482790e-01
   1.0820000e+00   7.3400141e-01
   1.0830000e+00   7.3315925e-01
   1.0840000e+00   7.3230177e-01
   1.0850000e+00   7.3142933e-01
   1.0860000e+00   7.3054232e-01
   1.0870000e+00   7.2964113e-01
   1.0880000e+00   7.2872618e-01
   1.0890000e+00   7.2779789e-01
   1.0900000e+00   7.2685670e-01
   1.0910000e+00   7.2590306e-01
   1.0920000e+00   7.2493744e-01
   1.0930000e+00   7.2396030e-01
   1.0940000e+00   7.2297215e-01
   1.0950000e+00   7.2197347e-01
   1.0960000e+00   7.2096478e-01
   1.0970000e+00   7.1994660e-01
   1.0980000e+00   7.1891946e-01
   1.0990000e+00   7.1788389e-01
   1.1000000e+00   7.1684045e-01
   1.1010000e+00   7.1578969e-01
   1.1020000e+00   7.1473216e-01
   1.1030000e+00   7.1366844e-01
   1.1040000e+00   7.1259910e-01
   1.1050000e+00   7.1152471e-01
   1.1060000e+00   7.1044588e-01
   1.1070000e+00   7.0936317e-01
   1.1080000e+00   7.0827719e-01
   1.1090000e+00   7.0718853e-01
   1.1100000e+00   7.0609779e-01
   1.1110000e+00   7.0500555e-01
   1.1120000e+00   7.0391244e-01
   1.1130000e+00   7.0281903e-01
   1.1140000e+00   7.0172595e-01
   1.1150000e+00   7.0063377e-01
   1.1160000e+00   6.9954310e-01
   1.1170000e+00   6.9845454e-01
   1.1180000e+00   6.9736868e-01
   1.1190000e+00   6.9628611e-01
   1.1200000e+00   6.9520741e-01
   1.1210000e+00   6.9413316e-01
   1.1220000e+00   6.9306394e-01
   1.1230000e+00   6.9200032e-01
   1.1240000e+00   6.9094286e-01
   1.1250000e+00   6.8989212e-01
   1.1260000e+00   6.8884865e-01
   1.1270000e+00   6.8781298e-01
   1.1280000e+00   6.8678566e-01
   1.1290000e+00   6.8576719e-01
   1.1300000e+00   6.8475811e-01
   1.1310000e+00   6.8375890e-01
   1.1320000e+00   6.8277006e-01
   1.1330000e+00   6.8179208e-01
   1.1340000e+00   6.8082541e-01
   1.1350000e+00   6.7987052e-01
   1.1360000e+00   6.7892785e-01
   1.1370000e+00   6.7799784e-01
   1.1380000e+00   6.7708089e-01
   1.1390000e+00   6.7617741e-01
   1.1400000e+00   6.7528779e-01
   1.1410000e+00   6.7441241e-01
   1.1420000e+00   6.7355162e-01
   1.1430000e+00   6.7270576e-01
   1.1440000e+00   6.7187517e-01
   1.1450000e+00   6.7106015e-01
   1.1460000e+00   6.7026099e-01
   1.1470000e+00   6.6947798e-01
   1.1480000e+00   6.6871137e-01
   1.1490000e+00   6.6796140e-01
   1.1500000e+00   6.6722831e-01
   1.1510000e+00   6.6651229e-01
   1.1520000e+00   6.6581354e-01
   1.1530000e+00   6.6513222e-01
   1.1540000e+00   6.6446849e-01
   1.1550000e+00   6.6382249e-01
   1.1560000e+00   6.6319432e-01
   1.1570000e+00   6.6258408e-01
   1.1580000e+00   6.6199185e-01
   1.1590000e+00   6.6141769e-01
   1.1600000e+00   6.6086164e-01
   1.1610000e+00   6.6032371e-01
   1.1620000e+00   6.5980391e-01
   1.1630000e+00   6.5930222e-01
   1.1640000e+00   6.5881861e-01
   1.1650000e+00   6.5835300e-01
   1.1660000e+00   6.5790535e-01
   1.1670000e+00   6.5747554e-01
   1.1680000e+00   6.5706346e-01
   1.1690000e+00   6.5666899e-01
   1.1700000e+00   6.5629198e-01
   1.1710000e+00   6.5593225e-01
   1.1720000e+00   6.5558963e-01
   1.1730000e+00   6.5526390e-01
   1.1740000e+00   6.5495486e-01
   1.1750000e+00   6.5466226e-01
   1.1760000e+00   6.5438584e-01
   1.1770000e+00   6.5412533e-01
   1.1780000e+00   6.5388045e-01
   1.1790000e+00   6.5365089e-01
   1.1800000e+00   6.5343633e-01
   1.1810000e+00   6.5323643e-01
   1.1820000e+00   6.5305084e-01
   1.1830000e+00   6.5287920e-01
   1.1840000e+00   6.5272112e-01
   1.1850000e+00   6.5257622e-01
   1.1860000e+00   6.5244408e-01
   1.1870000e+00   6.5232427e-01
   1.1880000e+00   6.5221638e-01
   1.1890000e+00   6.5211995e-01
   1.1900000e+00   6.5203453e-01
   1.1910000e+00   6.5195964e-01
   1.1920000e+00   6.5189480e-01
   1.1930000e+00   6.5183954e-01
   1.1940000e+00   6.5179333e-01
   1.1950000e+00   6.5175569e-01
   1.1960000e+00   6.5172609e-01
   1.1970000e+00   6.5170400e-01
   1.1980000e+00   6.5168890e-01
   1.1990000e+00   6.5168024e-01
   1.2000000e+00   6.5167747e-01
   1.2010000e+00   6.5168005e-01
   1.2020000e+00   6.5168742e-01
   1.2030000e+00   6.5169901e-01
   1.2040000e+00   6.5171426e-01
   1.2050000e+00   6.5173260e-01
   1.2060000e+00   6.5175346e-01
   1.2070000e+00   6.5177626e-01
   1.2080000e+00   6.5180043e-01
   1.2090000e+00   6.5182538e-01
   1.2100000e+00   6.5185055e-01
   1.2110000e+00   6.5187534e-01
   1.2120000e+00   6.5189920e-01
   1.2130000e+00   6.5192154e-01
   1.2140000e+00   6.5194178e-01
   1.2150000e+00   6.5195936e-01
   1.2160000e+00   6.5197371e-01
   1.2170000e+00   6.5198427e-01
   1.2180000e+00   6.5199047e-01
   1.2190000e+00   6.5199176e-01
   1.2200000e+00   6.5198759e-01
   1.2210000e+00   6.5197742e-01
   1.2220000e+00   6.5196071e-01
   1.2230000e+00   6.5193694e-01
   1.2240000e+00   6.5190557e-01
   1.2250000e+00   6.5186610e-01
   1.2260000e+00   6.5181803e-01
   1.2270000e+00   6.5176085e-01
   1.2280000e+00   6.5169408e-01
   1.2290000e+00   6.5161726e-01
   1.2300000e+00   6.5152991e-01
   1.2310000e+00   6.5143157e-01
   1.2320000e+00   6.5132182e-01
   1.2330000e+00   6.5120022e-01
   1.2340000e+00   6.5106636e-01
   1.2350000e+00   6.5091983e-01
   1.2360000e+00   6.5076024e-01
   1.2370000e+00   6.5058722e-01
   1.2380000e+00   6.5040041e-01
   1.2390000e+00   6.5019946e-01
   1.2400000e+00   6.4998404e-01
   1.2410000e+00   6.4975383e-01
   1.2420000e+00   6.4950854e-01
   1.2430000e+00   6.4924788e-01
   1.2440000e+00   6.4897158e-01
   1.2450000e+00   6.4867939e-01
   1.2460000e+00   6.4837108e-01
   1.2470000e+00   6.4804643e-01
   1.2480000e+00   6.4770523e-01
   1.2490000e+00   6.4734731e-01
   1.2500000e+00   6.4697251e-01
   1.2510000e+00   6.4658067e-01
   1.2520000e+00   6.4617166e-01
   1.2530000e+00   6.4574538e-01
   1.2540000e+00   6.4530173e-01
   1.2550000e+00   6.4484063e-01
   1.2560000e+00   6.4436204e-01
   1.2570000e+00   6.4386591e-01
   1.2580000e+00   6.4335223e-01
   1.2590000e+00   6.4282098e-01
   1.2600000e+00   6.4227220e-01
   1.2610000e+00   6.4170591e-01
   1.2620000e+00   6.4112218e-01
   1.2630000e+00   6.4052106e-01
   1.2640000e+00   6.3990267e-01
   1.2650000e+00   6.3926709e-01
   1.2660000e+00   6.3861446e-01
   1.2670000e+00   6.3794493e-01
   1.2680000e+00   6.3725866e-01
   1.2690000e+00   6.3655582e-01
   1.2700000e+00   6.3583662e-01
   1.2710000e+00   6.3510126e-01
   1.2720000e+00   6.3434999e-01
   1.2730000e+00   6.3358304e-01
   1.2740000e+00   6.3280068e-01
   1.2750000e+00   6.3200320e-01
   1.2760000e+00   6.3119088e-01
   1.2770000e+00   6.3036404e-01
   1.2780000e+00   6.2952301e-01
   1.2790000e+00   6.2866812e-01
   1.2800000e+00   6.2779973e-01
   1.2810000e+00   6.2691822e-01
   1.2820000e+00   6.2602395e-01
   1.2830000e+00   6.2511734e-01
   1.2840000e+00   6.2419879e-01
   1.2850000e+00   6.2326872e-01
   1.2860000e+00   6.2232757e-01
   1.2870000e+00   6.2137577e-01
   1.2880000e+00   6.2041379e-01
   1.2890000e+00   6.1944209e-01
   1.2900000e+00   6.1846114e-01
   1.2910000e+00   6.1747144e-01
   1.2920000e+00   6.1647348e-01
   1.2930000e+00   6.1546776e-01
   1.2940000e+00   6.1445479e-01
   1.2950000e+00   6.1343508e-01
   1.2960000e+00   6.1240918e-01
   1.2970000e+00   6.1137760e-01
   1.2980000e+00   6.1034088e-01
   1.2990000e+00   6.0929957e-01
   1.3000000e+00   6.0825421e-01
   1.3010000e+00   6.0720536e-01
   1.3020000e+00   6.0615356e-01
   1.3030000e+00   6.0509938e-01
   1.3040000e+00   6.0404338e-01
   1.3050000e+00   6.0298611e-01
   1.3060000e+00   6.0192814e-01
   1.3070000e+00   6.0087003e-01
   1.3080000e+00   5.9981234e-01
   1.3090000e+00   5.9875564e-01
   1.3100000e+00   5.9770049e-01
   1.3110000e+00   5.9664744e-01
   1.3120000e+00   5.9559705e-01
   1.3130000e+00   5.9454987e-01
   1.3140000e+00   5.9350646e-01
   1.3150000e+00   5.9246736e-01
   1.3160000e+00   5.9143311e-01
   1.3170000e+00   5.9040425e-01
   1.3180000e+00   5.8938130e-01
   1.3190000e+00   5.8836479e-01
   1.3200000e+00   5.8735523e-01
   1.3210000e+00   5.8635314e-01
   1.3220000e+00   5.8535901e-01
   1.3230000e+00   5.8437334e-01
   1.3240000e+00   5.8339661e-01
   1.3250000e+00   5.8242928e-01
   1.3260000e+00   5.8147184e-01
   1.3270000e+00   5.8052472e-01
   1.3280000e+00   5.7958838e-01
   1.3290000e+00   5.7866323e-01
   1.3300000e+00   5.7774971e-01
   1.3310000e+00   5.7684821e-01
   1.3320000e+00   5.7595912e-01
   1.3330000e+00   5.7508284e-01
   1.3340000e+00   5.7421972e-01
   1.3350000e+00   5.7337012e-01
   1.3360000e+00   5.7253437e-01
   1.3370000e+00   5.7171280e-01
   1.3380000e+00   5.7090572e-01
   1.3390000e+00   5.7011342e-01
   1.3400000e+00   5.6933618e-01
   1.3410000e+00   5.6857425e-01
   1.3420000e+00   5.6782789e-01
   1.3430000e+00   5.6709733e-01
   1.3440000e+00   5.6638277e-01
   1.3450000e+00   5.6568442e-01
   1.3460000e+00   5.6500244e-01
   1.3470000e+00   5.6433700e-01
   1.3480000e+00   5.6368825e-01
   1.3490000e+00   5.6305631e-01
   1.3500000e+00   5.6244129e-01
   1.3510000e+00   5.6184328e-01
   1.3520000e+00   5.6126236e-01
   1.3530000e+00   5.6069857e-01
   1.3540000e+00   5.6015195e-01
   1.3550000e+00   5.5962253e-01
   1.3560000e+00   5.5911030e-01
   1.3570000e+00   5.5861524e-01
   1.3580000e+00   5.5813733e-01
   1.3590000e+00   5.5767650e-01
   1.3600000e+00   5.5723269e-01
   1.3610000e+00   5.5680581e-01
   1.3620000e+00   5.5639574e-01
   1.3630000e+00   5.5600237e-01
   1.3640000e+00   5.5562555e-01
   1.3650000e+00   5.5526512e-01
   1.3660000e+00   5.5492091e-01
   1.3670000e+00   5.5459273e-01
   1.3680000e+00   5.5428035e-01
   1.3690000e+00   5.5398356e-01
   1.3700000e+00   5.5370212e-01
   1.3710000e+00   5.5343575e-01
   1.3720000e+00   5.5318419e-01
   1.3730000e+00   5.5294716e-01
   1.3740000e+00   5.5272433e-01
   1.3750000e+00   5.5251539e-01
   1.3760000e+00   5.5232001e-01
   1.3770000e+00   5.5213784e-01
   1.3780000e+00   5.5196851e-01
   1.3790000e+00   5.5181164e-01
   1.3800000e+00   5.5166686e-01
   1.3810000e+00   5.5153375e-01
   1.3820000e+00   5.5141191e-01
   1.3830000e+00   5.5130090e-01
   1.3840000e+00   5.5120029e-01
   1.3850000e+00   5.5110963e-01
   1.3860000e+00   5.5102846e-01
   1.3870000e+00   5.5095632e-01
   1.3880000e+00   5.5089273e-01
   1.3890000e+00   5.5083720e-01
   1.3900000e+00   5.5078923e-01
   1.3910000e+00   5.5074833e-01
   1.3920000e+00   5.5071399e-01
   1.3930000e+00   5.5068568e-01
   1.3940000e+00   5.5066289e-01
   1.3950000e+00   5.5064508e-01
   1.3960000e+00   5.5063173e-01
   1.3970000e+00   5.5062230e-01
   1.3980000e+00   5.5061623e-01
   1.3990000e+00   5.5061300e-01
   1.4000000e+00   5.5061204e-01
   1.4010000e+00   5.5061281e-01
   1.4020000e+00   5.5061476e-01
   1.4030000e+00   5.5061733e-01
   1.4040000e+00   5.5061998e-01
   1.4050000e+00   5.5062213e-01
   1.4060000e+00   5.5062325e-01
   1.4070000e+00   5.5062278e-01
   1.4080000e+00   5.5062016e-01
   1.4090000e+00   5.5061486e-01
   1.4100000e+00   5.5060633e-01
   1.4110000e+00   5.5059402e-01
   1.4120000e+00   5.5057740e-01
   1.4130000e+00   5.5055593e-01
   1.4140000e+00   5.5052909e-01
   1.4150000e+00   5.5049636e-01
   1.4160000e+00   5.5045721e-01
   1.4170000e+00   5.5041115e-01
   1.4180000e+00   5.5035767e-01
   1.4190000e+00   5.5029627e-01
   1.4200000e+00   5.5022647e-01
   1.4210000e+00   5.5014780e-01
   1.4220000e+00   5.5005979e-01
   1.4230000e+00   5.4996198e-01
   1.4240000e+00   5.4985392e-01
   1.4250000e+00   5.4973518e-01
   1.4260000e+00   5.4960534e-01
   1.4270000e+00   5.4946398e-01
   1.4280000e+00   5.4931070e-01
   1.4290000e+00   5.4914512e-01
   1.4300000e+00   5.4896685e-01
   1.4310000e+00   5.4877555e-01
   1.4320000e+00   5.4857085e-01
   1.4330000e+00   5.4835242e-01
   1.4340000e+00   5.4811996e-01
   1.4350000e+00   5.4787314e-01
   1.4360000e+00   5.4761169e-01
   1.4370000e+00   5.4733533e-01
   1.4380000e+00   5.4704380e-01
   1.4390000e+00   5.4673686e-01
   1.4400000e+00   5.4641428e-01
   1.4410000e+00   5.4607586e-01
   1.4420000e+00   5.4572139e-01
   1.4430000e+00   5.4535071e-01
   1.4440000e+00   5.4496366e-01
   1.4450000e+00   5.4456009e-01
   1.4460000e+00   5.4413988e-01
   1.4470000e+00   5.4370292e-01
   1.4480000e+00   5.4324913e-01
   1.4490000e+00   5.4277842e-01
   1.4500000e+00   5.4229076e-01
   1.4510000e+00   5.4178610e-01
   1.4520000e+00   5.4126442e-01
   1.4530000e+00   5.4072573e-01
   1.4540000e+00   5.4017004e-01
   1.4550000e+00   5.3959738e-01
   1.4560000e+00   5.3900782e-01
   1.4570000e+00   5.3840142e-01
   1.4580000e+00   5.3777827e-01
   1.4590000e+00   5.3713847e-01
   1.4600000e+00   5.3648216e-01
   1.4610000e+00   5.3580946e-01
   1.4620000e+00   5.3512055e-01
   1.4630000e+00   5.3441559e-01
   1.4640000e+00   5.3369478e-01
   1.4650000e+00   5.3295833e-01
   1.4660000e+00   5.3220646e-01
   1.4670000e+00   5.3143941e-01
   1.4680000e+00   5.3065745e-01
   1.4690000e+00   5.2986083e-01
   1.4700000e+00   5.2904986e-01
   1.4710000e+00   5.2822484e-01
   1.4720000e+00   5.2738607e-01
   1.4730000e+00   5.2653391e-01
   1.4740000e+00   5.2566869e-01
   1.4750000e+00   5.2479077e-01
   1.4760000e+00   5.2390053e-01
   1.4770000e+00   5.2299835e-01
   1.4780000e+00   5.2208463e-01
   1.4790000e+00   5.2115979e-01
   1.4800000e+00   5.2022425e-01
   1.4810000e+00   5.1927843e-01
   1.4820000e+00   5.1832279e-01
   1.4830000e+00   5.1735779e-01
   1.4840000e+00   5.1638388e-01
   1.4850000e+00   5.1540154e-01
   1.4860000e+00   5.1441125e-01
   1.4870000e+00   5.1341351e-01
   1.4880000e+00   5.1240881e-01
   1.4890000e+00   5.1139767e-01
   1.4900000e+00   5.1038059e-01
   1.4910000e+00   5.0935809e-01
   1.4920000e+00   5.0833070e-01
   1.4930000e+00   5.0729895e-01
   1.4940000e+00   5.0626338e-01
   1.4950000e+00   5.0522452e-01
   1.4960000e+00   5.0418292e-01
   1.4970000e+00   5.0313911e-01
   1.4980000e+00   5.0209366e-01
   1.4990000e+00   5.0104711e-01
   1.5000000e+00   5.0000000e-01
   1.5010000e+00   4.9895289e-01
   1.5020000e+00   4.9790634e-01
   1.5030000e+00   4.9686089e-01
   1.5040000e+00   4.9581708e-01
   1.5050000e+00   4.9477548e-01
   1.5060000e+00   4.9373662e-01
   1.5070000e+00   4.9270105e-01
   1.5080000e+00   4.9166930e-01
   1.5090000e+00   4.9064191e-01
   1.5100000e+00   4.8961941e-01
   1.5110000e+00   4.8860233e-01
   1.5120000e+00   4.8759119e-01
   1.5130000e+00   4.8658649e-01
   1.5140000e+00   4.8558875e-01
   1.5150000e+00   4.8459846e-01
   1.5160000e+00   4.8361612e-01
   1.5170000e+00   4.8264221e-01
   1.5180000e+00   4.8167721e-01
   1.5190000e+00   4.8072157e-01
   1.5200000e+00   4.7977575e-01
   1.5210000e+00   4.7884021e-01
   1.5220000e+00   4.7791537e-01
   1.5230000e+00   4.7700165e-01
   1.5240000e+00   4.7609947e-01
   1.5250000e+00   4.7520923e-01
   1.5260000e+00   4.7433131e-01
   1.5270000e+00   4.7346609e-01
   1.5280000e+00   4.7261393e-01
   1.5290000e+00   4.7177516e-01
   1.5300000e+00   4.7095014e-01
   1.5310000e+00   4.7013917e-01
   1.5320000e+00   4.6934255e-01
   1.5330000e+00   4.6856059e-01
   1.5340000e+00   4.6779354e-01
   1.5350000e+00   4.6704167e-01
   1.5360000e+00   4.6630522e-01
   1.5370000e+00   4.6558441e-01
   1.5380000e+00   4.6487945e-01
   1.5390000e+00   4.6419054e-01
   1.5400000e+00   4.6351784e-01
   1.5410000e+00   4.6286153e-01
   1.5420000e+00   4.6222173e-01
   1.5430000e+00   4.6159858e-01
   1.5440000e+00   4.6099218e-01
   1.5450000e+00   4.6040262e-01
   1.5460000e+00   4.5982996e-01
   1.5470000e+00   4.5927427e-01
   1.5480000e+00   4.5873558e-01
   1.5490000e+00   4.5821390e-01
   1.5500000e+00   4.5770924e-01
   1.5510000e+00   4.5722158e-01
   1.5520000e+00   4.5675087e-01
   1.5530000e+00   4.5629708e-01
   1.5540000e+00   4.5586012e-01
   1.5550000e+00   4.5543991e-01
   1.5560000e+00   4.5503634e-01
   1.5570000e+00   4.5464929e-01
   1.5580000e+00   4.5427861e-01
   1.5590000e+00   4.5392414e-01
   1.5600000e+00   4.5358572e-01
   1.5610000e+00   4.5326314e-01
   1.5620000e+00   4.5295620e-01
   1.5630000e+00   4.5266467e-01
   1.5640000e+00   4.5238831e-01
   1.5650000e+00   4.5212686e-01
   1.5660000e+00   4.5188004e-01
   1.5670000e+00   4.5164758e-01
   1.5680000e+00   4.5142915e-01
   1.5690000e+00   4.5122445e-01
   1.5700000e+00   4.5103315e-01
   1.5710000e+00   4.5085488e-01
   1.5720000e+00   4.5068930e-01
   1.5730000e+00   4.5053602e-01
   1.5740000e+00   4.5039466e-01
   1.5750000e+00   4.5026482e-01
   1.5760000e+00   4.5014608e-01
   1.5770000e+00   4.5003802e-01
   1.5780000e+00   4.4994021e-01
   1.5790000e+00   4.4985220e-01
   1.5800000e+00   4.4977353e-01
   1.5810000e+00   4.4970373e-01
   1.5820000e+00   4.4964233e-01
   1.5830000e+00   4.4958885e-01
   1.5840000e+00   4.4954279e-01
   1.5850000e+00   4.4950364e-01
   1.5860000e+00   4.4947091e-01
   1.5870000e+00   4.4944407e-01
   1.5880000e+00   4.4942260e-01
   1.5890000e+00   4.4940598e-01
   1.5900000e+00   4.4939367e-01
   1.5910000e+00   4.4938514e-01
   1.5920000e+00   4.4937984e-01
   1.5930000e+00   4.4937722e-01
   1.5940000e+00   4.4937675e-01
   1.5950000e+00   4.4937787e-01
   1.5960000e+00   4.4938002e-01
   1.5970000e+00   4.4938267e-01
   1.5980000e+00   4.4938524e-01
   1.5990000e+00   4.4938719e-01
   1.6000000e+00   4.4938796e-01
   1.6010000e+00   4.4938700e-01
   1.6020000e+00   4.4938377e-01
   1.6030000e+00   4.4937770e-01
   1.6040000e+00   4.4936827e-01
   1.6050000e+00   4.4935492e-01
   1.6060000e+00   4.4933711e-01
   1.6070000e+00   4.4931432e-01
   1.6080000e+00   4.4928601e-01
   1.6090000e+00   4.4925167e-01
   1.6100000e+00   4.4921077e-01
   1.6110000e+00   4.4916280e-01
   1.6120000e+00   4.4910727e-01
   1.6130000e+00   4.4904368e-01
   1.6140000e+00   4.4897154e-01
   1.6150000e+00   4.4889037e-01
   1.6160000e+00   4.4879971e-01
   1.6170000e+00   4.4869910e-01
   1.6180000e+00   4.4858809e-01
   1.6190000e+00   4.4846625e-01
   1.6200000e+00   4.4833314e-01
   1.6210000e+00   4.4818836e-01
   1.6220000e+00   4.4803149e-01
   1.6230000e+00   4.4786216e-01
   1.6240000e+00   4.4767999e-01
   1.6250000e+00   4.4748461e-01
   1.6260000e+00   4.4727567e-01
   1.6270000e+00   4.4705284e-01
   1.6280000e+00   4.4681581e-01
   1.6290000e+00   4.4656425e-01
   1.6300000e+00   4.4629788e-01
   1.6310000e+00   4.4601644e-01
   1.6320000e+00   4.4571965e-01
   1.6330000e+00   4.4540727e-01
   1.6340000e+00   4.4507909e-01
   1.6350000e+00   4.4473488e-01
   1.6360000e+00   4.4437445e-01
   1.6370000e+00   4.4399763e-01
   1.6380000e+00   4.4360426e-01
   1.6390000e+00   4.4319419e-01
   1.6400000e+00   4.4276731e-01
   1.6410000e+00   4.4232350e-01
   1.6420000e+00   4.4186267e-01
   1.6430000e+00   4.4138476e-01
   1.6440000e+00   4.4088970e-01
   1.6450000e+00   4.4037747e-01
   1.6460000e+00   4.3984805e-01
   1.6470000e+00   4.3930143e-01
   1.6480000e+00   4.3873764e-01
   1.6490000e+00   4.3815672e-01
   1.6500000e+00   4.3755871e-01
   1.6510000e+00   4.3694369e-01
   1.6520000e+00   4.3631175e-01
   1.6530000e+00   4.3566300e-01
   1.6540000e+00   4.3499756e-01
   1.6550000e+00   4.3431558e-01
   1.6560000e+00   4.3361723e-01
   1.6570000e+00   4.3290267e-01
   1.6580000e+00   4.3217211e-01
   1.6590000e+00   4.3142575e-01
   1.6600000e+00   4.3066382e-01
   1.6610000e+00   4.2988658e-01
   1.6620000e+00   4.2909428e-01
   1.6630000e+00   4.2828720e-01
   1.6640000e+00   4.2746563e-01
   1.6650000e+00   4.2662988e-01
   1.6660000e+00   4.2578028e-01
   1.6670000e+00   4.2491716e-01
   1.6680000e+00   4.2404088e-01
   1.6690000e+00   4.2315179e-01
   1.6700000e+00   4.2225029e-01
   1.6710000e+00   4.2133677e-01
   1.6720000e+00   4.2041162e-01
   1.6730000e+00   4.1947528e-01
   1.6740000e+00   4.1852816e-01
   1.6750000e+00   4.1757072e-01
   1.6760000e+00   4.1660339e-01
   1.6770000e+00   4.1562666e-01
   1.6780000e+00   4.1464099e-01
   1.6790000e+00   4.1364686e-01
   1.6800000e+00   4.1264477e-01
   1.6810000e+00   4.1163521e-01
   1.6820000e+00   4.1061870e-01
   1.6830000e+00   4.0959575e-01
   1.6840000e+00   4.0856689e-01
   1.6850000e+00   4.0753264e-01
   1.6860000e+00   4.0649354e-01
   1.6870000e+00   4.0545013e-01
   1.6880000e+00   4.0440295e-01
   1.6890000e+00   4.0335256e-01
   1.6900000e+00   4.0229951e-01
   1.6910000e+00   4.0124436e-01
   1.6920000e+00   4.0018766e-01
   1.6930000e+00   3.9912997e-01
   1.6940000e+00   3.9807186e-01
   1.6950000e+00   3.9701389e-01
   1.6960000e+00   3.9595662e-01
   1.6970000e+00   3.9490062e-01
   1.6980000e+00   3.9384644e-01
   1.6990000e+00   3.9279464e-01
   1.7000000e+00   3.9174579e-01
   1.7010000e+00   3.9070043e-01
   1.7020000e+00   3.8965912e-01
   1.7030000e+00   3.8862240e-01
   1.7040000e+00   3.8759082e-01
   1.7050000e+00   3.8656492e-01
   1.7060000e+00   3.8554521e-01
   1.7070000e+00   3.8453224e-01
   1.7080000e+00   3.8352652e-01
   1.7090000e+00   3.8252856e-01
   1.7100000e+00   3.8153886e-01
   1.7110000e+00   3.8055791e-01
   1.7120000e+00   3.7958621e-01
   1.7130000e+00   3.7862423e-01
   1.7140000e+00   3.7767243e-01
   1.7150000e+00   3.7673128e-01
   1.7160000e+00   3.7580121e-01
   1.7170000e+00   3.7488266e-01
   1.7180000e+00   3.7397605e-01
   1.7190000e+00   3.7308178e-01
   1.7200000e+00   3.7220027e-01
   1.7210000e+00   3.7133188e-01
   1.7220000e+00   3.7047699e-01
   1.7230000e+00   3.6963596e-01
   1.7240000e+00   3.6880912e-01
   1.7250000e+00   3.6799680e-01
   1.7260000e+00   3.6719932e-01
   1.7270000e+00   3.6641696e-01
   1.7280000e+00   3.6565001e-01
   1.7290000e+00   3.6489874e-01
   1.7300000e+00   3.6416338e-01
   1.7310000e+00   3.6344418e-01
   1.7320000e+00   3.6274134e-01
   1.7330000e+00   3.6205507e-01
   1.7340000e+00   3.6138554e-01
   1.7350000e+00   3.6073291e-01
   1.7360000e+00   3.6009733e-01
   1.7370000e+00   3.5947894e-01
   1.7380000e+00   3.5887782e-01
   1.7390000e+00   3.5829409e-01
   1.7400000e+00   3.5772780e-01
   1.7410000e+00   3.5717902e-01
   1.7420000e+00   3.5664777e-01
   1.7430000e+00   3.5613409e-01
   1.7440000e+00   3.5563796e-01
   1.7450000e+00   3.5515937e-01
   1.7460000e+00   3.5469827e-01
   1.7470000e+00   3.5425462e-01
   1.7480000e+00   3.5382834e-01
   1.7490000e+00   3.5341933e-01
   1.7500000e+00   3.5302749e-01
   1.7510000e+00   3.5265269e-01
   1.7520000e+00   3.5229477e-01
   1.7530000e+00   3.5195357e-01
   1.7540000e+00   3.5162892e-01
   1.7550000e+00   3.5132061e-01
   1.7560000e+00   3.5102842e-01
   1.7570000e+00   3.5075212e-01
   1.7580000e+00   3.5049146e-01
   1.7590000e+00   3.5024617e-01
   1.7600000e+00   3.5001596e-01
   1.7610000e+00   3.4980054e-01
   1.7620000e+00   3.4959959e-01
   1.7630000e+00   3.4941278e-01
   1.7640000e+00   3.4923976e-01
   1.7650000e+00   3.4908017e-01
   1.7660000e+00   3.4893364e-01
   1.7670000e+00   3.4879978e-01
   1.7680000e+00   3.4867818e-01
   1.7690000e+00   3.4856843e-01
   1.7700000e+00   3.4847009e-01
   1.7710000e+00   3.4838274e-01
   1.7720000e+00   3.4830592e-01
   1.7730000e+00   3.4823915e-01
   1.7740000e+00   3.4818197e-01
   1.7750000e+00   3.4813390e-01
   1.7760000e+00   3.4809443e-01
   1.7770000e+00   3.4806306e-01
   1.7780000e+00   3.4803929e-01
   1.7790000e+00   3.4802258e-01
   1.7800000e+00   3.4801241e-01
   1.7810000e+00   3.4800824e-01
   1.7820000e+00   3.4800953e-01
   1.7830000e+00   3.4801573e-01
   1.7840000e+00   3.4802629e-01
   1.7850000e+00   3.4804064e-01
   1.7860000e+00   3.4805822e-01
   1.7870000e+00   3.4807846e-01
   1.7880000e+00   3.4810080e-01
   1.7890000e+00   3.4812466e-01
   1.7900000e+00   3.4814945e-01
   1.7910000e+00   3.4817462e-01
   1.7920000e+00   3.4819957e-01
   1.7930000e+00   3.4822374e-01
   1.7940000e+00   3.4824654e-01
   1.7950000e+00   3.4826740e-01
   1.7960000e+00   3.4828574e-01
   1.7970000e+00   3.4830099e-01
   1.7980000e+00   3.4831258e-01
   1.7990000e+00   3.4831995e-01
   1.8000000e+00   3.4832253e-01
   1.8010000e+00   3.4831976e-01
   1.8020000e+00   3.4831110e-01
   1.8030000e+00   3.4829600e-01
   1.8040000e+00   3.4827391e-01
   1.8050000e+00   3.4824431e-01
   1.8060000e+00   3.4820667e-01
   1.8070000e+00   3.4816046e-01
   1.8080000e+00   3.4810520e-01
   1.8090000e+00   3.4804036e-01
   1.8100000e+00   3.4796547e-01
   1.8110000e+00   3.4788005e-01
   1.8120000e+00   3.4778362e-01
   1.8130000e+00   3.4767573e-01
   1.8140000e+00   3.4755592e-01
   1.8150000e+00   3.4742378e-01
   1.8160000e+00   3.4727888e-01
   1.8170000e+00   3.4712080e-01
   1.8180000e+00   3.4694916e-01
   1.8190000e+00   3.4676357e-01
   1.8200000e+00   3.4656367e-01
   1.8210000e+00   3.4634911e-01
   1.8220000e+00   3.4611955e-01
   1.8230000e+00   3.4587467e-01
   1.8240000e+00   3.4561416e-01
   1.8250000e+00   3.4533774e-01
   1.8260000e+00   3.4504514e-01
   1.8270000e+00   3.4473610e-01
   1.8280000e+00   3.4441037e-01
   1.8290000e+00   3.4406775e-01
   1.8300000e+00   3.4370802e-01
   1.8310000e+00   3.4333101e-01
   1.8320000e+00   3.4293654e-01
   1.8330000e+00   3.4252446e-01
   1.8340000e+00   3.4209465e-01
   1.8350000e+00   3.4164700e-01
   1.8360000e+00   3.4118139e-01
   1.8370000e+00   3.4069778e-01
   1.8380000e+00   3.4019609e-01
   1.8390000e+00   3.3967629e-01
   1.8400000e+00   3.3913836e-01
   1.8410000e+00   3.3858231e-01
   1.8420000e+00   3.3800815e-01
   1.8430000e+00   3.3741592e-01
   1.8440000e+00   3.3680568e-01
   1.8450000e+00   3.3617751e-01
   1.8460000e+00   3.3553151e-01
   1.8470000e+00   3.3486778e-01
   1.8480000e+00   3.3418646e-01
   1.8490000e+00   3.3348771e-01
   1.8500000e+00   3.3277169e-01
   1.8510000e+00   3.3203860e-01
   1.8520000e+00   3.3128863e-01
   1.8530000e+00   3.3052202e-01
   1.8540000e+00   3.2973901e-01
   1.8550000e+00   3.2893985e-01
   1.8560000e+00   3.2812483e-01
   1.8570000e+00   3.2729424e-01
   1.8580000e+00   3.2644838e-01
   1.8590000e+00   3.2558759e-01
   1.8600000e+00   3.2471221e-01
   1.8610000e+00   3.2382259e-01
   1.8620000e+00   3.2291911e-01
   1.8630000e+00   3.2200216e-01
   1.8640000e+00   3.2107215e-01
   1.8650000e+00   3.2012948e-01
   1.8660000e+00   3.1917459e-01
   1.8670000e+00   3.1820792e-01
   1.8680000e+00   3.1722994e-01
   1.8690000e+00   3.1624110e-01
   1.8700000e+00   3.1524189e-01
   1.8710000e+00   3.1423281e-01
   1.8720000e+00   3.1321434e-01
   1.8730000e+00   3.1218702e-01
   1.8740000e+00   3.1115135e-01
   1.8750000e+00   3.1010788e-01
   1.8760000e+00   3.0905714e-01
   1.8770000e+00   3.0799968e-01
   1.8780000e+00   3.0693606e-01
   1.8790000e+00   3.0586684e-01
   1.8800000e+00   3.0479259e-01
   1.8810000e+00   3.0371389e-01
   1.8820000e+00   3.0263132e-01
   1.8830000e+00   3.0154546e-01
   1.8840000e+00   3.0045690e-01
   1.8850000e+00   2.9936623e-01
   1.8860000e+00   2.9827405e-01
   1.8870000e+00   2.9718097e-01
   1.8880000e+00   2.9608756e-01
   1.8890000e+00   2.9499445e-01
   1.8900000e+00   2.9390221e-01
   1.8910000e+00   2.9281147e-01
   1.8920000e+00   2.9172281e-01
   1.8930000e+00   2.9063683e-01
   1.8940000e+00   2.8955412e-01
   1.8950000e+00   2.8847529e-01
   1.8960000e+00   2.8740090e-01
   1.8970000e+00   2.8633156e-01
   1.8980000e+00   2.8526784e-01
   1.8990000e+00   2.8421031e-01
   1.9000000e+00   2.8315955e-01
   1.9010000e+00   2.8211611e-01
   1.9020000e+00   2.8108054e-01
   1.9030000e+00   2.8005340e-01
   1.9040000e+00   2.7903522e-01
   1.9050000e+00   2.7802653e-01
   1.9060000e+00   2.7702785e-01
   1.9070000e+00   2.7603970e-01
   1.9080000e+00   2.7506256e-01
   1.9090000e+00   2.7409694e-01
   1.9100000e+00   2.7314330e-01
   1.9110000e+00   2.7220211e-01
   1.9120000e+00   2.7127382e-01
   1.9130000e+00   2.7035887e-01
   1.9140000e+00   2.6945768e-01
   1.9150000e+00   2.6857067e-01
   1.9160000e+00   2.6769823e-01
   1.9170000e+00   2.6684075e-01
   1.9180000e+00   2.6599859e-01
   1.9190000e+00   2.6517210e-01
   1.9200000e+00   2.6436161e-01
   1.9210000e+00   2.6356745e-01
   1.9220000e+00   2.6278991e-01
   1.9230000e+00   2.6202928e-01
   1.9240000e+00   2.6128582e-01
   1.9250000e+00   2.6055979e-01
   1.9260000e+00   2.5985141e-01
   1.9270000e+00   2.5916089e-01
   1.9280000e+00   2.5848844e-01
   1.9290000e+00   2.5783422e-01
   1.9300000e+00   2.5719839e-01
   1.9310000e+00   2.5658109e-01
   1.9320000e+00   2.5598244e-01
   1.9330000e+00   2.5540252e-01
   1.9340000e+00   2.5484143e-01
   1.9350000e+00   2.5429922e-01
   1.9360000e+00   2.5377593e-01
   1.9370000e+00   2.5327157e-01
   1.9380000e+00   2.5278615e-01
   1.9390000e+00   2.5231965e-01
   1.9400000e+00   2.5187203e-01
   1.9410000e+00   2.5144322e-01
   1.9420000e+00   2.5103315e-01
   1.9430000e+00   2.5064171e-01
   1.9440000e+00   2.5026879e-01
   1.9450000e+00   2.4991425e-01
   1.9460000e+00   2.4957792e-01
   1.9470000e+00   2.4925964e-01
   1.9480000e+00   2.4895919e-01
   1.9490000e+00   2.4867638e-01
   1.9500000e+00   2.4841095e-01
   1.9510000e+00   2.4816266e-01
   1.9520000e+00   2.4793124e-01
   1.9530000e+00   2.4771640e-01
   1.9540000e+00   2.4751783e-01
   1.9550000e+00   2.4733520e-01
   1.9560000e+00   2.4716818e-01
   1.9570000e+00   2.4701640e-01
   1.9580000e+00   2.4687949e-01
   1.9590000e+00   2.4675705e-01
   1.9600000e+00   2.4664869e-01
   1.9610000e+00   2.4655398e-01
   1.9620000e+00   2.4647248e-01
   1.9630000e+00   2.4640375e-01
   1.9640000e+00   2.4634731e-01
   1.9650000e+00   2.4630269e-01
   1.9660000e+00   2.4626939e-01
   1.9670000e+00   2.4624692e-01
   1.9680000e+00   2.4623476e-01
   1.9690000e+00   2.4623237e-01
   1.9700000e+00   2.4623923e-01
   1.9710000e+00   2.4625478e-01
   1.9720000e+00   2.4627847e-01
   1.9730000e+00   2.4630973e-01
   1.9740000e+00   2.4634798e-01
   1.9750000e+00   2.4639263e-01
   1.9760000e+00   2.4644311e-01
   1.9770000e+00   2.4649880e-01
   1.9780000e+00   2.4655911e-01
   1.9790000e+00   2.4662343e-01
   1.9800000e+00   2.4669114e-01
   1.9810000e+00   2.4676161e-01
   1.9820000e+00   2.4683424e-01
   1.9830000e+00   2.4690839e-01
   1.9840000e+00   2.4698344e-01
   1.9850000e+00   2.4705876e-01
   1.9860000e+00   2.4713371e-01
   1.9870000e+00   2.4720767e-01
   1.9880000e+00   2.4728000e-01
   1.9890000e+00   2.4735007e-01
   1.9900000e+00   2.4741727e-01
   1.9910000e+00   2.4748095e-01
   1.9920000e+00   2.4754051e-01
   1.9930000e+00   2.4759531e-01
   1.9940000e+00   2.4764475e-01
   1.9950000e+00   2.4768821e-01
   1.9960000e+00   2.4772509e-01
   1.9970000e+00   2.4775480e-01
   1.9980000e+00   2.4777674e-01
   1.9990000e+00   2.4779032e-01
   2.0000000e+00   2.4779497e-01
   2.0010000e+00   2.4779013e-01
   2.0020000e+00   2.4777524e-01
   2.0030000e+00   2.4774974e-01
   2.0040000e+00   2.4771310e-01
   2.0050000e+00   2.4766480e-01
   2.0060000e+00   2.4760431e-01
   2.0070000e+00   2.4753114e-01
   2.0080000e+00   2.4744480e-01
   2.0090000e+00   2.4734480e-01
   2.0100000e+00   2.4723070e-01
   2.0110000e+00   2.4710203e-01
   2.0120000e+00   2.4695836e-01
   2.0130000e+00   2.4679928e-01
   2.0140000e+00   2.4662437e-01
   2.0150000e+00   2.4643327e-01
   2.0160000e+00   2.4622558e-01
   2.0170000e+00   2.4600097e-01
   2.0180000e+00   2.4575909e-01
   2.0190000e+00   2.4549963e-01
   2.0200000e+00   2.4522228e-01
   2.0210000e+00   2.4492676e-01
   2.0220000e+00   2.4461282e-01
   2.0230000e+00   2.4428020e-01
   2.0240000e+00   2.4392868e-01
   2.0250000e+00   2.4355805e-01
   2.0260000e+00   2.4316813e-01
   2.0270000e+00   2.4275876e-01
   2.0280000e+00   2.4232979e-01
   2.0290000e+00   2.4188108e-01
   2.0300000e+00   2.4141255e-01
   2.0310000e+00   2.4092410e-01
   2.0320000e+00   2.4041568e-01
   2.0330000e+00   2.3988723e-01
   2.0340000e+00   2.3933874e-01
   2.0350000e+00   2.3877021e-01
   2.0360000e+00   2.3818167e-01
   2.0370000e+00   2.3757314e-01
   2.0380000e+00   2.3694470e-01
   2.0390000e+00   2.3629643e-01
   2.0400000e+00   2.3562843e-01
   2.0410000e+00   2.3494083e-01
   2.0420000e+00   2.3423378e-01
   2.0430000e+00   2.3350744e-01
   2.0440000e+00   2.3276201e-01
   2.0450000e+00   2.3199768e-01
   2.0460000e+00   2.3121470e-01
   2.0470000e+00   2.3041330e-01
   2.0480000e+00   2.2959375e-01
   2.0490000e+00   2.2875634e-01
   2.0500000e+00   2.2790138e-01
   2.0510000e+00   2.2702920e-01
   2.0520000e+00   2.2614013e-01
   2.0530000e+00   2.2523454e-01
   2.0540000e+00   2.2431280e-01
   2.0550000e+00   2.2337533e-01
   2.0560000e+00   2.2242252e-01
   2.0570000e+00   2.2145481e-01
   2.0580000e+00   2.2047265e-01
   2.0590000e+00   2.1947650e-01
   2.0600000e+00   2.1846684e-01
   2.0610000e+00   2.1744417e-01
   2.0620000e+00   2.1640898e-01
   2.0630000e+00   2.1536181e-01
   2.0640000e+00   2.1430318e-01
   2.0650000e+00   2.1323364e-01
   2.0660000e+00   2.1215376e-01
   2.0670000e+00   2.1106410e-01
   2.0680000e+00   2.0996525e-01
   2.0690000e+00   2.0885780e-01
   2.0700000e+00   2.0774236e-01
   2.0710000e+00   2.0661953e-01
   2.0720000e+00   2.0548993e-01
   2.0730000e+00   2.0435420e-01
   2.0740000e+00   2.0321297e-01
   2.0750000e+00   2.0206689e-01
   2.0760000e+00   2.0091660e-01
   2.0770000e+00   1.9976275e-01
   2.0780000e+00   1.9860601e-01
   2.0790000e+00   1.9744703e-01
   2.0800000e+00   1.9628649e-01
   2.0810000e+00   1.9512506e-01
   2.0820000e+00   1.9396339e-01
   2.0830000e+00   1.9280217e-01
   2.0840000e+00   1.9164207e-01
   2.0850000e+00   1.9048376e-01
   2.0860000e+00   1.8932791e-01
   2.0870000e+00   1.8817519e-01
   2.0880000e+00   1.8702626e-01
   2.0890000e+00   1.8588180e-01
   2.0900000e+00   1.8474247e-01
   2.0910000e+00   1.8360891e-01
   2.0920000e+00   1.8248178e-01
   2.0930000e+00   1.8136173e-01
   2.0940000e+00   1.8024939e-01
   2.0950000e+00   1.7914540e-01
   2.0960000e+00   1.7805038e-01
   2.0970000e+00   1.7696495e-01
   2.0980000e+00   1.7588970e-01
   2.0990000e+00   1.7482525e-01
   2.1000000e+00   1.7377217e-01
   2.1010000e+00   1.7273105e-01
   2.1020000e+00   1.7170243e-01
   2.1030000e+00   1.7068688e-01
   2.1040000e+00   1.6968494e-01
   2.1050000e+00   1.6869712e-01
   2.1060000e+00   1.6772394e-01
   2.1070000e+00   1.6676589e-01
   2.1080000e+00   1.6582346e-01
   2.1090000e+00   1.6489712e-01
   2.1100000e+00   1.6398730e-01
   2.1110000e+00   1.6309444e-01
   2.1120000e+00   1.6221897e-01
   2.1130000e+00   1.6136127e-01
   2.1140000e+00   1.6052172e-01
   2.1150000e+00   1.5970070e-01
   2.1160000e+00   1.5889853e-01
   2.1170000e+00   1.5811555e-01
   2.1180000e+00   1.5735205e-01
   2.1190000e+00   1.5660832e-01
   2.1200000e+00   1.5588463e-01
   2.1210000e+00   1.5518121e-01
   2.1220000e+00   1.5449830e-01
   2.1230000e+00   1.5383607e-01
   2.1240000e+00   1.5319473e-01
   2.1250000e+00   1.5257442e-01
   2.1260000e+00   1.5197529e-01
   2.1270000e+00   1.5139743e-01
   2.1280000e+00   1.5084096e-01
   2.1290000e+00   1.5030592e-01
   2.1300000e+00   1.4979238e-01
   2.1310000e+00   1.4930036e-01
   2.1320000e+00   1.4882985e-01
   2.1330000e+00   1.4838084e-01
   2.1340000e+00   1.4795329e-01
   2.1350000e+00   1.4754712e-01
   2.1360000e+00   1.4716225e-01
   2.1370000e+00   1.4679857e-01
   2.1380000e+00   1.4645595e-01
   2.1390000e+00   1.4613422e-01
   2.1400000e+00   1.4583321e-01
   2.1410000e+00   1.4555272e-01
   2.1420000e+00   1.4529253e-01
   2.1430000e+00   1.4505240e-01
   2.1440000e+00   1.4483206e-01
   2.1450000e+00   1.4463121e-01
   2.1460000e+00   1.4444957e-01
   2.1470000e+00   1.4428679e-01
   2.1480000e+00   1.4414253e-01
   2.1490000e+00   1.4401643e-01
   2.1500000e+00   1.4390808e-01
   2.1510000e+00   1.4381709e-01
   2.1520000e+00   1.4374303e-01
   2.1530000e+00   1.4368546e-01
   2.1540000e+00   1.4364391e-01
   2.1550000e+00   1.4361790e-01
   2.1560000e+00   1.4360693e-01
   2.1570000e+00   1.4361049e-01
   2.1580000e+00   1.4362805e-01
   2.1590000e+00   1.4365906e-01
   2.1600000e+00   1.4370297e-01
   2.1610000e+00   1.4375919e-01
   2.1620000e+00   1.4382714e-01
   2.1630000e+00   1.4390621e-01
   2.1640000e+00   1.4399579e-01
   2.1650000e+00   1.4409525e-01
   2.1660000e+00   1.4420395e-01
   2.1670000e+00   1.4432125e-01
   2.1680000e+00   1.4444648e-01
   2.1690000e+00   1.4457896e-01
   2.1700000e+00   1.4471803e-01
   2.1710000e+00   1.4486300e-01
   2.1720000e+00   1.4501317e-01
   2.1730000e+00   1.4516785e-01
   2.1740000e+00   1.4532632e-01
   2.1750000e+00   1.4548787e-01
   2.1760000e+00   1.4565179e-01
   2.1770000e+00   1.4581736e-01
   2.1780000e+00   1.4598385e-01
   2.1790000e+00   1.4615054e-01
   2.1800000e+00   1.4631670e-01
   2.1810000e+00   1.4648161e-01
   2.1820000e+00   1.4664453e-01
   2.1830000e+00   1.4680475e-01
   2.1840000e+00   1.4696152e-01
   2.1850000e+00   1.4711414e-01
   2.1860000e+00   1.4726188e-01
   2.1870000e+00   1.4740402e-01
   2.1880000e+00   1.4753986e-01
   2.1890000e+00   1.4766868e-01
   2.1900000e+00   1.4778979e-01
   2.1910000e+00   1.4790249e-01
   2.1920000e+00   1.4800610e-01
   2.1930000e+00   1.4809994e-01
   2.1940000e+00   1.4818333e-01
   2.1950000e+00   1.4825563e-01
   2.1960000e+00   1.4831618e-01
   2.1970000e+00   1.4836435e-01
   2.1980000e+00   1.4839950e-01
   2.1990000e+00   1.4842104e-01
   2.2000000e+00   1.4842834e-01
   2.2010000e+00   1.4842084e-01
   2.2020000e+00   1.4839796e-01
   2.2030000e+00   1.4835914e-01
   2.2040000e+00   1.4830384e-01
   2.2050000e+00   1.4823153e-01
   2.2060000e+00   1.4814172e-01
   2.2070000e+00   1.4803390e-01
   2.2080000e+00   1.4790760e-01
   2.2090000e+00   1.4776238e-01
   2.2100000e+00   1.4759779e-01
   2.2110000e+00   1.4741342e-01
   2.2120000e+00   1.4720888e-01
   2.2130000e+00   1.4698378e-01
   2.2140000e+00   1.4673779e-01
   2.2150000e+00   1.4647055e-01
   2.2160000e+00   1.4618176e-01
   2.2170000e+00   1.4587114e-01
   2.2180000e+00   1.4553841e-01
   2.2190000e+00   1.4518332e-01
   2.2200000e+00   1.4480567e-01
   2.2210000e+00   1.4440525e-01
   2.2220000e+00   1.4398188e-01
   2.2230000e+00   1.4353541e-01
   2.2240000e+00   1.4306573e-01
   2.2250000e+00   1.4257271e-01
   2.2260000e+00   1.4205630e-01
   2.2270000e+00   1.4151642e-01
   2.2280000e+00   1.4095306e-01
   2.2290000e+00   1.4036620e-01
   2.2300000e+00   1.3975587e-01
   2.2310000e+00   1.3912212e-01
   2.2320000e+00   1.3846500e-01
   2.2330000e+00   1.3778461e-01
   2.2340000e+00   1.3708108e-01
   2.2350000e+00   1.3635454e-01
   2.2360000e+00   1.3560516e-01
   2.2370000e+00   1.3483313e-01
   2.2380000e+00   1.3403868e-01
   2.2390000e+00   1.3322203e-01
   2.2400000e+00   1.3238345e-01
   2.2410000e+00   1.3152323e-01
   2.2420000e+00   1.3064168e-01
   2.2430000e+00   1.2973913e-01
   2.2440000e+00   1.2881594e-01
   2.2450000e+00   1.2787249e-01
   2.2460000e+00   1.2690917e-01
   2.2470000e+00   1.2592641e-01
   2.2480000e+00   1.2492465e-01
   2.2490000e+00   1.2390436e-01
   2.2500000e+00   1.2286602e-01
   2.2510000e+00   1.2181014e-01
   2.2520000e+00   1.2073723e-01
   2.2530000e+00   1.1964785e-01
   2.2540000e+00   1.1854256e-01
   2.2550000e+00   1.1742192e-01
   2.2560000e+00   1.1628655e-01
   2.2570000e+00   1.1513705e-01
   2.2580000e+00   1.1397405e-01
   2.2590000e+00   1.1279821e-01
   2.2600000e+00   1.1161017e-01
   2.2610000e+00   1.1041061e-01
   2.2620000e+00   1.0920022e-01
   2.2630000e+00   1.0797970e-01
   2.2640000e+00   1.0674977e-01
   2.2650000e+00   1.0551114e-01
   2.2660000e+00   1.0426456e-01
   2.2670000e+00   1.0301076e-01
   2.2680000e+00   1.0175050e-01
   2.2690000e+00   1.0048455e-01
   2.2700000e+00   9.9213663e-02
   2.2710000e+00   9.7938629e-02
   2.2720000e+00   9.6660227e-02
   2.2730000e+00   9.5379244e-02
   2.2740000e+00   9.4096475e-02
   2.2750000e+00   9.2812713e-02
   2.2760000e+00   9.1528760e-02
   2.2770000e+00   9.0245414e-02
   2.2780000e+00   8.8963479e-02
   2.2790000e+00   8.7683756e-02
   2.2800000e+00   8.6407048e-02
   2.2810000e+00   8.5134155e-02
   2.2820000e+00   8.3865874e-02
   2.2830000e+00   8.2603002e-02
   2.2840000e+00   8.1346328e-02
   2.2850000e+00   8.0096641e-02
   2.2860000e+00   7.8854720e-02
   2.2870000e+00   7.7621340e-02
   2.2880000e+00   7.6397269e-02
   2.2890000e+00   7.5183266e-02
   2.2900000e+00   7.3980081e-02
   2.2910000e+00   7.2788455e-02
   2.2920000e+00   7.1609119e-02
   2.2930000e+00   7.0442791e-02
   2.2940000e+00   6.9290180e-02
   2.2950000e+00   6.8151979e-02
   2.2960000e+00   6.7028869e-02
   2.2970000e+00   6.5921517e-02
   2.2980000e+00   6.4830574e-02
   2.2990000e+00   6.3756677e-02
   2.3000000e+00   6.2700445e-02
   2.3010000e+00   6.1662480e-02
   2.3020000e+00   6.0643367e-02
   2.3030000e+00   5.9643672e-02
   2.3040000e+00   5.8663943e-02
   2.3050000e+00   5.7704707e-02
   2.3060000e+00   5.6766471e-02
   2.3070000e+00   5.5849723e-02
   2.3080000e+00   5.4954926e-02
   2.3090000e+00   5.4082524e-02
   2.3100000e+00   5.3232938e-02
   2.3110000e+00   5.2406565e-02
   2.3120000e+00   5.1603781e-02
   2.3130000e+00   5.0824934e-02
   2.3140000e+00   5.0070353e-02
   2.3150000e+00   4.9340337e-02
   2.3160000e+00   4.8635165e-02
   2.3170000e+00   4.7955086e-02
   2.3180000e+00   4.7300327e-02
   2.3190000e+00   4.6671087e-02
   2.3200000e+00   4.6067538e-02
   2.3210000e+00   4.5489828e-02
   2.3220000e+00   4.4938076e-02
   2.3230000e+00   4.4412376e-02
   2.3240000e+00   4.3912793e-02
   2.3250000e+00   4.3439366e-02
   2.3260000e+00   4.2992106e-02
   2.3270000e+00   4.2570996e-02
   2.3280000e+00   4.2175994e-02
   2.3290000e+00   4.1807028e-02
   2.3300000e+00   4.1464000e-02
   2.3310000e+00   4.1146783e-02
   2.3320000e+00   4.0855225e-02
   2.3330000e+00   4.0589144e-02
   2.3340000e+00   4.0348333e-02
   2.3350000e+00   4.0132556e-02
   2.3360000e+00   3.9941553e-02
   2.3370000e+00   3.9775034e-02
   2.3380000e+00   3.9632685e-02
   2.3390000e+00   3.9514166e-02
   2.3400000e+00   3.9419108e-02
   2.3410000e+00   3.9347121e-02
   2.3420000e+00   3.9297786e-02
   2.3430000e+00   3.9270662e-02
   2.3440000e+00   3.9265281e-02
   2.3450000e+00   3.9281153e-02
   2.3460000e+00   3.9317764e-02
   2.3470000e+00   3.9374576e-02
   2.3480000e+00   3.9451030e-02
   2.3490000e+00   3.9546543e-02
   2.3500000e+00   3.9660513e-02
   2.3510000e+00   3.9792316e-02
   2.3520000e+00   3.9941305e-02
   2.3530000e+00   4.0106818e-02
   2.3540000e+00   4.0288171e-02
   2.3550000e+00   4.0484662e-02
   2.3560000e+00   4.0695572e-02
   2.3570000e+00   4.0920164e-02
   2.3580000e+00   4.1157686e-02
   2.3590000e+00   4.1407370e-02
   2.3600000e+00   4.1668432e-02
   2.3610000e+00   4.1940075e-02
   2.3620000e+00   4.2221489e-02
   2.3630000e+00   4.2511852e-02
   2.3640000e+00   4.2810330e-02
   2.3650000e+00   4.3116077e-02
   2.3660000e+00   4.3428239e-02
   2.3670000e+00   4.3745952e-02
   2.3680000e+00   4.4068344e-02
   2.3690000e+00   4.4394536e-02
   2.3700000e+00   4.4723642e-02
   2.3710000e+00   4.5054772e-02
   2.3720000e+00   4.5387030e-02
   2.3730000e+00   4.5719517e-02
   2.3740000e+00   4.6051331e-02
   2.3750000e+00   4.6381569e-02
   2.3760000e+00   4.6709325e-02
   2.3770000e+00   4.7033697e-02
   2.3780000e+00   4.7353781e-02
   2.3790000e+00   4.7668676e-02
   2.3800000e+00   4.7977483e-02
   2.3810000e+00   4.8279309e-02
   2.3820000e+00   4.8573263e-02
   2.3830000e+00   4.8858463e-02
   2.3840000e+00   4.9134032e-02
   2.3850000e+00   4.9399100e-02
   2.3860000e+00   4.9652806e-02
   2.3870000e+00   4.9894299e-02
   2.3880000e+00   5.0122740e-02
   2.3890000e+00   5.0337297e-02
   2.3900000e+00   5.0537155e-02
   2.3910000e+00   5.0721508e-02
   2.3920000e+00   5.0889567e-02
   2.3930000e+00   5.1040557e-02
   2.3940000e+00   5.1173718e-02
   2.3950000e+00   5.1288307e-02
   2.3960000e+00   5.1383597e-02
   2.3970000e+00   5.1458882e-02
   2.3980000e+00   5.1513474e-02
   2.3990000e+00   5.1546702e-02
   2.4000000e+00   5.1557918e-02
   2.4010000e+00   5.1546496e-02
   2.4020000e+00   5.1511830e-02
   2.4030000e+00   5.1453337e-02
   2.4040000e+00   5.1370457e-02
   2.4050000e+00   5.1262656e-02
   2.4060000e+00   5.1129422e-02
   2.4070000e+00   5.0970269e-02
   2.4080000e+00   5.0784737e-02
   2.4090000e+00   5.0572393e-02
   2.4100000e+00   5.0332829e-02
   2.4110000e+00   5.0065665e-02
   2.4120000e+00   4.9770551e-02
   2.4130000e+00   4.9447161e-02
   2.4140000e+00   4.9095202e-02
   2.4150000e+00   4.8714407e-02
   2.4160000e+00   4.8304539e-02
   2.4170000e+00   4.7865393e-02
   2.4180000e+00   4.7396790e-02
   2.4190000e+00   4.6898586e-02
   2.4200000e+00   4.6370664e-02
   2.4210000e+00   4.5812938e-02
   2.4220000e+00   4.5225356e-02
   2.4230000e+00   4.4607893e-02
   2.4240000e+00   4.3960559e-02
   2.4250000e+00   4.3283393e-02
   2.4260000e+00   4.2576465e-02
   2.4270000e+00   4.1839879e-02
   2.4280000e+00   4.1073767e-02
   2.4290000e+00   4.0278295e-02
   2.4300000e+00   3.9453660e-02
   2.4310000e+00   3.8600088e-02
   2.4320000e+00   3.7717839e-02
   2.4330000e+00   3.6807201e-02
   2.4340000e+00   3.5868494e-02
   2.4350000e+00   3.4902069e-02
   2.4360000e+00   3.3908306e-02
   2.4370000e+00   3.2887616e-02
   2.4380000e+00   3.1840438e-02
   2.4390000e+00   3.0767241e-02
   2.4400000e+00   2.9668523e-02
   2.4410000e+00   2.8544809e-02
   2.4420000e+00   2.7396654e-02
   2.4430000e+00   2.6224637e-02
   2.4440000e+00   2.5029368e-02
   2.4450000e+00   2.3811481e-02
   2.4460000e+00   2.2571634e-02
   2.4470000e+00   2.1310514e-02
   2.4480000e+00   2.0028829e-02
   2.4490000e+00   1.8727313e-02
   2.4500000e+00   1.7406723e-02
   2.4510000e+00   1.6067836e-02
   2.4520000e+00   1.4711454e-02
   2.4530000e+00   1.3338398e-02
   2.4540000e+00   1.1949509e-02
   2.4550000e+00   1.0545648e-02
   2.4560000e+00   9.1276944e-03
   2.4570000e+00   7.6965450e-03
   2.4580000e+00   6.2531135e-03
   2.4590000e+00   4.7983293e-03
   2.4600000e+00   3.3331370e-03
   2.4610000e+00   1.8584949e-03
   2.4620000e+00   3.7537467e-04
   2.4630000e+00  -1.1152402e-03
   2.4640000e+00  -2.6123550e-03
   2.4650000e+00  -4.1149648e-03
   2.4660000e+00  -5.6220557e-03
   2.4670000e+00  -7.1326057e-03
   2.4680000e+00  -8.6455858e-03
   2.4690000e+00  -1.0159961e-02
   2.4700000e+00  -1.1674691e-02
   2.4710000e+00  -1.3188732e-02
   2.4720000e+00  -1.4701037e-02
   2.4730000e+00  -1.6210559e-02
   2.4740000e+00  -1.7716247e-02
   2.4750000e+00  -1.9217053e-02
   2.4760000e+00  -2.0711930e-02
   2.4770000e+00  -2.2199834e-02
   2.4780000e+00  -2.3679724e-02
   2.4790000e+00  -2.5150563e-02
   2.4800000e+00  -2.6611323e-02
   2.4810000e+00  -2.8060978e-02
   2.4820000e+00  -2.9498515e-02
   2.4830000e+00  -3.0922928e-02
   2.4840000e+00  -3.2333221e-02
   2.4850000e+00  -3.3728410e-02
   2.4860000e+00  -3.5107522e-02
   2.4870000e+00  -3.6469599e-02
   2.4880000e+00  -3.7813697e-02
   2.4890000e+00  -3.9138888e-02
   2.4900000e+00  -4.0444259e-02
   2.4910000e+00  -4.1728915e-02
   2.4920000e+00  -4.2991981e-02
   2.4930000e+00  -4.4232600e-02
   2.4940000e+00  -4.5449935e-02
   2.4950000e+00  -4.6643172e-02
   2.4960000e+00  -4.7811517e-02
   2.4970000e+00  -4.8954203e-02
   2.4980000e+00  -5.0070482e-02
   2.4990000e+00  -5.1159636e-02
   2.5000000e+00  -5.2220969e-02
   2.5010000e+00  -5.3253813e-02
   2.5020000e+00  -5.4257528e-02
   2.5030000e+00  -5.5231500e-02
   2.5040000e+00  -5.6175147e-02
   2.5050000e+00  -5.7087913e-02
   2.5060000e+00  -5.7969276e-02
   2.5070000e+00  -5.8818743e-02
   2.5080000e+00  -5.9635851e-02
   2.5090000e+00  -6.0420171e-02
   2.5100000e+00  -6.1171307e-02
   2.5110000e+00  -6.1888896e-02
   2.5120000e+00  -6.2572608e-02
   2.5130000e+00  -6.3222147e-02
   2.5140000e+00  -6.3837253e-02
   2.5150000e+00  -6.4417699e-02
   2.5160000e+00  -6.4963296e-02
   2.5170000e+00  -6.5473888e-02
   2.5180000e+00  -6.5949356e-02
   2.5190000e+00  -6.6389619e-02
   2.5200000e+00  -6.6794630e-02
   2.5210000e+00  -6.7164380e-02
   2.5220000e+00  -6.7498897e-02
   2.5230000e+00  -6.7798244e-02
   2.5240000e+00  -6.8062524e-02
   2.5250000e+00  -6.8291874e-02
   2.5260000e+00  -6.8486471e-02
   2.5270000e+00  -6.8646527e-02
   2.5280000e+00  -6.8772291e-02
   2.5290000e+00  -6.8864049e-02
   2.5300000e+00  -6.8922125e-02
   2.5310000e+00  -6.8946877e-02
   2.5320000e+00  -6.8938702e-02
   2.5330000e+00  -6.8898031e-02
   2.5340000e+00  -6.8825330e-02
   2.5350000e+00  -6.8721103e-02
   2.5360000e+00  -6.8585887e-02
   2.5370000e+00  -6.8420254e-02
   2.5380000e+00  -6.8224809e-02
   2.5390000e+00  -6.8000192e-02
   2.5400000e+00  -6.7747077e-02
   2.5410000e+00  -6.7466167e-02
   2.5420000e+00  -6.7158200e-02
   2.5430000e+00  -6.6823943e-02
   2.5440000e+00  -6.6464196e-02
   2.5450000e+00  -6.6079787e-02
   2.5460000e+00  -6.5671573e-02
   2.5470000e+00  -6.5240441e-02
   2.5480000e+00  -6.4787304e-02
   2.5490000e+00  -6.4313102e-02
   2.5500000e+00  -6.3818801e-02
   2.5510000e+00  -6.3305393e-02
   2.5520000e+00  -6.2773892e-02
   2.5530000e+00  -6.2225337e-02
   2.5540000e+00  -6.1660787e-02
   2.5550000e+00  -6.1081325e-02
   2.5560000e+00  -6.0488051e-02
   2.5570000e+00  -5.9882086e-02
   2.5580000e+00  -5.9264569e-02
   2.5590000e+00  -5.8636655e-02
   2.5600000e+00  -5.7999513e-02
   2.5610000e+00  -5.7354331e-02
   2.5620000e+00  -5.6702307e-02
   2.5630000e+00  -5.6044652e-02
   2.5640000e+00  -5.5382589e-02
   2.5650000e+00  -5.4717348e-02
   2.5660000e+00  -5.4050171e-02
   2.5670000e+00  -5.3382306e-02
   2.5680000e+00  -5.2715006e-02
   2.5690000e+00  -5.2049531e-02
   2.5700000e+00  -5.1387142e-02
   2.5710000e+00  -5.0729104e-02
   2.5720000e+00  -5.0076683e-02
   2.5730000e+00  -4.9431143e-02
   2.5740000e+00  -4.8793749e-02
   2.5750000e+00  -4.8165761e-02
   2.5760000e+00  -4.7548435e-02
   2.5770000e+00  -4.6943021e-02
   2.5780000e+00  -4.6350764e-02
   2.5790000e+00  -4.5772898e-02
   2.5800000e+00  -4.5210651e-02
   2.5810000e+00  -4.4665236e-02
   2.5820000e+00  -4.4137858e-02
   2.5830000e+00  -4.3629705e-02
   2.5840000e+00  -4.3141953e-02
   2.5850000e+00  -4.2675760e-02
   2.5860000e+00  -4.2232268e-02
   2.5870000e+00  -4.1812601e-02
   2.5880000e+00  -4.1417861e-02
   2.5890000e+00  -4.1049131e-02
   2.5900000e+00  -4.0707471e-02
   2.5910000e+00  -4.0393918e-02
   2.5920000e+00  -4.0109485e-02
   2.5930000e+00  -3.9855157e-02
   2.5940000e+00  -3.9631896e-02
   2.5950000e+00  -3.9440632e-02
   2.5960000e+00  -3.9282268e-02
   2.5970000e+00  -3.9157678e-02
   2.5980000e+00  -3.9067702e-02
   2.5990000e+00  -3.9013151e-02
   2.6000000e+00  -3.8994800e-02
   2.6010000e+00  -3.9013393e-02
   2.6020000e+00  -3.9069635e-02
   2.6030000e+00  -3.9164199e-02
   2.6040000e+00  -3.9297720e-02
   2.6050000e+00  -3.9470794e-02
   2.6060000e+00  -3.9683980e-02
   2.6070000e+00  -3.9937798e-02
   2.6080000e+00  -4.0232727e-02
   2.6090000e+00  -4.0569208e-02
   2.6100000e+00  -4.0947637e-02
   2.6110000e+00  -4.1368373e-02
   2.6120000e+00  -4.1831728e-02
   2.6130000e+00  -4.2337973e-02
   2.6140000e+00  -4.2887338e-02
   2.6150000e+00  -4.3480006e-02
   2.6160000e+00  -4.4116116e-02
   2.6170000e+00  -4.4795765e-02
   2.6180000e+00  -4.5519003e-02
   2.6190000e+00  -4.6285835e-02
   2.6200000e+00  -4.7096222e-02
   2.6210000e+00  -4.7950078e-02
   2.6220000e+00  -4.8847271e-02
   2.6230000e+00  -4.9787626e-02
   2.6240000e+00  -5.0770920e-02
   2.6250000e+00  -5.1796883e-02
   2.6260000e+00  -5.2865202e-02
   2.6270000e+00  -5.3975518e-02
   2.6280000e+00  -5.5127424e-02
   2.6290000e+00  -5.6320470e-02
   2.6300000e+00  -5.7554160e-02
   2.6310000e+00  -5.8827954e-02
   2.6320000e+00  -6.0141267e-02
   2.6330000e+00  -6.1493469e-02
   2.6340000e+00  -6.2883887e-02
   2.6350000e+00  -6.4311806e-02
   2.6360000e+00  -6.5776466e-02
   2.6370000e+00  -6.7277067e-02
   2.6380000e+00  -6.8812766e-02
   2.6390000e+00  -7.0382679e-02
   2.6400000e+00  -7.1985883e-02
   2.6410000e+00  -7.3621415e-02
   2.6420000e+00  -7.5288272e-02
   2.6430000e+00  -7.6985416e-02
   2.6440000e+00  -7.8711768e-02
   2.6450000e+00  -8.0466217e-02
   2.6460000e+00  -8.2247614e-02
   2.6470000e+00  -8.4054777e-02
   2.6480000e+00  -8.5886491e-02
   2.6490000e+00  -8.7741508e-02
   2.6500000e+00  -8.9618550e-02
   2.6510000e+00  -9.1516307e-02
   2.6520000e+00  -9.3433445e-02
   2.6530000e+00  -9.5368597e-02
   2.6540000e+00  -9.7320374e-02
   2.6550000e+00  -9.9287359e-02
   2.6560000e+00  -1.0126811e-01
   2.6570000e+00  -1.0326118e-01
   2.6580000e+00  -1.0526506e-01
   2.6590000e+00  -1.0727828e-01
   2.6600000e+00  -1.0929929e-01
   2.6610000e+00  -1.1132657e-01
   2.6620000e+00  -1.1335857e-01
   2.6630000e+00  -1.1539372e-01
   2.6640000e+00  -1.1743043e-01
   2.6650000e+00  -1.1946714e-01
   2.6660000e+00  -1.2150222e-01
   2.6670000e+00  -1.2353409e-01
   2.6680000e+00  -1.2556113e-01
   2.6690000e+00  -1.2758172e-01
   2.6700000e+00  -1.2959425e-01
   2.6710000e+00  -1.3159709e-01
   2.6720000e+00  -1.3358864e-01
   2.6730000e+00  -1.3556727e-01
   2.6740000e+00  -1.3753137e-01
   2.6750000e+00  -1.3947934e-01
   2.6760000e+00  -1.4140957e-01
   2.6770000e+00  -1.4332048e-01
   2.6780000e+00  -1.4521048e-01
   2.6790000e+00  -1.4707801e-01
   2.6800000e+00  -1.4892151e-01
   2.6810000e+00  -1.5073945e-01
   2.6820000e+00  -1.5253030e-01
   2.6830000e+00  -1.5429257e-01
   2.6840000e+00  -1.5602476e-01
   2.6850000e+00  -1.5772543e-01
   2.6860000e+00  -1.5939313e-01
   2.6870000e+00  -1.6102645e-01
   2.6880000e+00  -1.6262401e-01
   2.6890000e+00  -1.6418446e-01
   2.6900000e+00  -1.6570647e-01
   2.6910000e+00  -1.6718874e-01
   2.6920000e+00  -1.6863002e-01
   2.6930000e+00  -1.7002907e-01
   2.6940000e+00  -1.7138472e-01
   2.6950000e+00  -1.7269579e-01
   2.6960000e+00  -1.7396119e-01
   2.6970000e+00  -1.7517984e-01
   2.6980000e+00  -1.7635070e-01
   2.6990000e+00  -1.7747278e-01
   2.7000000e+00  -1.7854514e-01
   2.7010000e+00  -1.7956688e-01
   2.7020000e+00  -1.8053715e-01
   2.7030000e+00  -1.8145513e-01
   2.7040000e+00  -1.8232007e-01
   2.7050000e+00  -1.8313127e-01
   2.7060000e+00  -1.8388805e-01
   2.7070000e+00  -1.8458983e-01
   2.7080000e+00  -1.8523605e-01
   2.7090000e+00  -1.8582621e-01
   2.7100000e+00  -1.8635986e-01
   2.7110000e+00  -1.8683661e-01
   2.7120000e+00  -1.8725614e-01
   2.7130000e+00  -1.8761817e-01
   2.7140000e+00  -1.8792247e-01
   2.7150000e+00  -1.8816890e-01
   2.7160000e+00  -1.8835734e-01
   2.7170000e+00  -1.8848775e-01
   2.7180000e+00  -1.8856016e-01
   2.7190000e+00  -1.8857463e-01
   2.7200000e+00  -1.8853130e-01
   2.7210000e+00  -1.8843038e-01
   2.7220000e+00  -1.8827211e-01
   2.7230000e+00  -1.8805682e-01
   2.7240000e+00  -1.8778489e-01
   2.7250000e+00  -1.8745676e-01
   2.7260000e+00  -1.8707293e-01
   2.7270000e+00  -1.8663396e-01
   2.7280000e+00  -1.8614047e-01
   2.7290000e+00  -1.8559316e-01
   2.7300000e+00  -1.8499276e-01
   2.7310000e+00  -1.8434008e-01
   2.7320000e+00  -1.8363598e-01
   2.7330000e+00  -1.8288138e-01
   2.7340000e+00  -1.8207728e-01
   2.7350000e+00  -1.8122469e-01
   2.7360000e+00  -1.8032473e-01
   2.7370000e+00  -1.7937855e-01
   2.7380000e+00  -1.7838736e-01
   2.7390000e+00  -1.7735241e-01
   2.7400000e+00  -1.7627504e-01
   2.7410000e+00  -1.7515661e-01
   2.7420000e+00  -1.7399854e-01
   2.7430000e+00  -1.7280233e-01
   2.7440000e+00  -1.7156948e-01
   2.7450000e+00  -1.7030159e-01
   2.7460000e+00  -1.6900027e-01
   2.7470000e+00  -1.6766719e-01
   2.7480000e+00  -1.6630407e-01
   2.7490000e+00  -1.6491267e-01
   2.7500000e+00  -1.6349480e-01
   2.7510000e+00  -1.6205230e-01
   2.7520000e+00  -1.6058705e-01
   2.7530000e+00  -1.5910097e-01
   2.7540000e+00  -1.5759603e-01
   2.7550000e+00  -1.5607422e-01
   2.7560000e+00  -1.5453756e-01
   2.7570000e+00  -1.5298811e-01
   2.7580000e+00  -1.5142796e-01
   2.7590000e+00  -1.4985923e-01
   2.7600000e+00  -1.4828406e-01
   2.7610000e+00  -1.4670460e-01
   2.7620000e+00  -1.4512307e-01
   2.7630000e+00  -1.4354164e-01
   2.7640000e+00  -1.4196257e-01
   2.7650000e+00  -1.4038808e-01
   2.7660000e+00  -1.3882044e-01
   2.7670000e+00  -1.3726190e-01
   2.7680000e+00  -1.3571476e-01
   2.7690000e+00  -1.3418129e-01
   2.7700000e+00  -1.3266379e-01
   2.7710000e+00  -1.3116454e-01
   2.7720000e+00  -1.2968585e-01
   2.7730000e+00  -1.2823001e-01
   2.7740000e+00  -1.2679931e-01
   2.7750000e+00  -1.2539604e-01
   2.7760000e+00  -1.2402246e-01
   2.7770000e+00  -1.2268086e-01
   2.7780000e+00  -1.2137348e-01
   2.7790000e+00  -1.2010256e-01
   2.7800000e+00  -1.1887032e-01
   2.7810000e+00  -1.1767897e-01
   2.7820000e+00  -1.1653069e-01
   2.7830000e+00  -1.1542763e-01
   2.7840000e+00  -1.1437193e-01
   2.7850000e+00  -1.1336569e-01
   2.7860000e+00  -1.1241097e-01
   2.7870000e+00  -1.1150982e-01
   2.7880000e+00  -1.1066424e-01
   2.7890000e+00  -1.0987619e-01
   2.7900000e+00  -1.0914760e-01
   2.7910000e+00  -1.0848035e-01
   2.7920000e+00  -1.0787628e-01
   2.7930000e+00  -1.0733719e-01
   2.7940000e+00  -1.0686480e-01
   2.7950000e+00  -1.0646083e-01
   2.7960000e+00  -1.0612690e-01
   2.7970000e+00  -1.0586460e-01
   2.7980000e+00  -1.0567546e-01
   2.7990000e+00  -1.0556095e-01
   2.8000000e+00  -1.0552248e-01
   2.8010000e+00  -1.0556139e-01
   2.8020000e+00  -1.0567896e-01
   2.8030000e+00  -1.0587642e-01
   2.8040000e+00  -1.0615489e-01
   2.8050000e+00  -1.0651547e-01
   2.8060000e+00  -1.0695915e-01
   2.8070000e+00  -1.0748688e-01
   2.8080000e+00  -1.0809949e-01
   2.8090000e+00  -1.0879778e-01
   2.8100000e+00  -1.0958245e-01
   2.8110000e+00  -1.1045412e-01
   2.8120000e+00  -1.1141333e-01
   2.8130000e+00  -1.1246054e-01
   2.8140000e+00  -1.1359613e-01
   2.8150000e+00  -1.1482040e-01
   2.8160000e+00  -1.1613355e-01
   2.8170000e+00  -1.1753570e-01
   2.8180000e+00  -1.1902689e-01
   2.8190000e+00  -1.2060706e-01
   2.8200000e+00  -1.2227606e-01
   2.8210000e+00  -1.2403367e-01
   2.8220000e+00  -1.2587955e-01
   2.8230000e+00  -1.2781329e-01
   2.8240000e+00  -1.2983439e-01
   2.8250000e+00  -1.3194223e-01
   2.8260000e+00  -1.3413613e-01
   2.8270000e+00  -1.3641530e-01
   2.8280000e+00  -1.3877886e-01
   2.8290000e+00  -1.4122583e-01
   2.8300000e+00  -1.4375514e-01
   2.8310000e+00  -1.4636564e-01
   2.8320000e+00  -1.4905606e-01
   2.8330000e+00  -1.5182506e-01
   2.8340000e+00  -1.5467119e-01
   2.8350000e+00  -1.5759291e-01
   2.8360000e+00  -1.6058860e-01
   2.8370000e+00  -1.6365653e-01
   2.8380000e+00  -1.6679489e-01
   2.8390000e+00  -1.7000178e-01
   2.8400000e+00  -1.7327519e-01
   2.8410000e+00  -1.7661304e-01
   2.8420000e+00  -1.8001315e-01
   2.8430000e+00  -1.8347327e-01
   2.8440000e+00  -1.8699103e-01
   2.8450000e+00  -1.9056401e-01
   2.8460000e+00  -1.9418968e-01
   2.8470000e+00  -1.9786543e-01
   2.8480000e+00  -2.0158858e-01
   2.8490000e+00  -2.0535636e-01
   2.8500000e+00  -2.0916591e-01
   2.8510000e+00  -2.1301431e-01
   2.8520000e+00  -2.1689856e-01
   2.8530000e+00  -2.2081557e-01
   2.8540000e+00  -2.2476219e-01
   2.8550000e+00  -2.2873521e-01
   2.8560000e+00  -2.3273131e-01
   2.8570000e+00  -2.3674715e-01
   2.8580000e+00  -2.4077930e-01
   2.8590000e+00  -2.4482426e-01
   2.8600000e+00  -2.4887849e-01
   2.8610000e+00  -2.5293837e-01
   2.8620000e+00  -2.5700023e-01
   2.8630000e+00  -2.6106036e-01
   2.8640000e+00  -2.6511497e-01
   2.8650000e+00  -2.6916024e-01
   2.8660000e+00  -2.7319231e-01
   2.8670000e+00  -2.7720724e-01
   2.8680000e+00  -2.8120109e-01
   2.8690000e+00  -2.8516985e-01
   2.8700000e+00  -2.8910948e-01
   2.8710000e+00  -2.9301593e-01
   2.8720000e+00  -2.9688507e-01
   2.8730000e+00  -3.0071279e-01
   2.8740000e+00  -3.0449493e-01
   2.8750000e+00  -3.0822730e-01
   2.8760000e+00  -3.1190571e-01
   2.8770000e+00  -3.1552594e-01
   2.8780000e+00  -3.1908376e-01
   2.8790000e+00  -3.2257493e-01
   2.8800000e+00  -3.2599520e-01
   2.8810000e+00  -3.2934031e-01
   2.8820000e+00  -3.3260601e-01
   2.8830000e+00  -3.3578804e-01
   2.8840000e+00  -3.3888215e-01
   2.8850000e+00  -3.4188409e-01
   2.8860000e+00  -3.4478963e-01
   2.8870000e+00  -3.4759456e-01
   2.8880000e+00  -3.5029467e-01
   2.8890000e+00  -3.5288577e-01
   2.8900000e+00  -3.5536371e-01
   2.8910000e+00  -3.5772435e-01
   2.8920000e+00  -3.5996358e-01
   2.8930000e+00  -3.6207735e-01
   2.8940000e+00  -3.6406160e-01
   2.8950000e+00  -3.6591235e-01
   2.8960000e+00  -3.6762564e-01
   2.8970000e+00  -3.6919755e-01
   2.8980000e+00  -3.7062423e-01
   2.8990000e+00  -3.7190187e-01
   2.9000000e+00  -3.7302671e-01
   2.9010000e+00  -3.7399504e-01
   2.9020000e+00  -3.7480324e-01
   2.9030000e+00  -3.7544772e-01
   2.9040000e+00  -3.7592498e-01
   2.9050000e+00  -3.7623157e-01
   2.9060000e+00  -3.7636413e-01
   2.9070000e+00  -3.7631935e-01
   2.9080000e+00  -3.7609404e-01
   2.9090000e+00  -3.7568504e-01
   2.9100000e+00  -3.7508930e-01
   2.9110000e+00  -3.7430385e-01
   2.9120000e+00  -3.7332582e-01
   2.9130000e+00  -3.7215241e-01
   2.9140000e+00  -3.7078092e-01
   2.9150000e+00  -3.6920876e-01
   2.9160000e+00  -3.6743341e-01
   2.9170000e+00  -3.6545247e-01
   2.9180000e+00  -3.6326365e-01
   2.9190000e+00  -3.6086473e-01
   2.9200000e+00  -3.5825363e-01
   2.9210000e+00  -3.5542837e-01
   2.9220000e+00  -3.5238706e-01
   2.9230000e+00  -3.4912796e-01
   2.9240000e+00  -3.4564940e-01
   2.9250000e+00  -3.4194986e-01
   2.9260000e+00  -3.3802793e-01
   2.9270000e+00  -3.3388230e-01
   2.9280000e+00  -3.2951181e-01
   2.9290000e+00  -3.2491539e-01
   2.9300000e+00  -3.2009212e-01
   2.9310000e+00  -3.1504119e-01
   2.9320000e+00  -3.0976192e-01
   2.9330000e+00  -3.0425375e-01
   2.9340000e+00  -2.9851625e-01
   2.9350000e+00  -2.9254913e-01
   2.9360000e+00  -2.8635222e-01
   2.9370000e+00  -2.7992547e-01
   2.9380000e+00  -2.7326897e-01
   2.9390000e+00  -2.6638294e-01
   2.9400000e+00  -2.5926774e-01
   2.9410000e+00  -2.5192385e-01
   2.9420000e+00  -2.4435188e-01
   2.9430000e+00  -2.3655257e-01
   2.9440000e+00  -2.2852682e-01
   2.9450000e+00  -2.2027562e-01
   2.9460000e+00  -2.1180013e-01
   2.9470000e+00  -2.0310161e-01
   2.9480000e+00  -1.9418147e-01
   2.9490000e+00  -1.8504125e-01
   2.9500000e+00  -1.7568261e-01
   2.9510000e+00  -1.6610735e-01
   2.9520000e+00  -1.5631739e-01
   2.9530000e+00  -1.4631479e-01
   2.9540000e+00  -1.3610172e-01
   2.9550000e+00  -1.2568050e-01
   2.9560000e+00  -1.1505355e-01
   2.9570000e+00  -1.0422343e-01
   2.9580000e+00  -9.3192826e-02
   2.9590000e+00  -8.1964526e-02
   2.9600000e+00  -7.0541454e-02
   2.9610000e+00  -5.8926649e-02
   2.9620000e+00  -4.7123264e-02
   2.9630000e+00  -3.5134570e-02
   2.9640000e+00  -2.2963950e-02
   2.9650000e+00  -1.0614899e-02
   2.9660000e+00   1.9089791e-03
   2.9670000e+00   1.4603973e-02
   2.9680000e+00   2.7466267e-02
   2.9690000e+00   4.0491939e-02
   2.9700000e+00   5.3676970e-02
   2.9710000e+00   6.7017241e-02
   2.9720000e+00   8.0508535e-02
   2.9730000e+00   9.4146543e-02
   2.9740000e+00   1.0792687e-01
   2.9750000e+00   1.2184502e-01
   2.9760000e+00   1.3589642e-01
   2.9770000e+00   1.5007642e-01
   2.9780000e+00   1.6438028e-01
   2.9790000e+00   1.7880317e-01
   2.9800000e+00   1.9334023e-01
   2.9810000e+00   2.0798648e-01
   2.9820000e+00   2.2273689e-01
   2.9830000e+00   2.3758638e-01
   2.9840000e+00   2.5252978e-01
   2.9850000e+00   2.6756189e-01
   2.9860000e+00   2.8267742e-01
   2.9870000e+00   2.9787107e-01
   2.9880000e+00   3.1313745e-01
   2.9890000e+00   3.2847115e-01
   2.9900000e+00   3.4386671e-01
   2.9910000e+00   3.5931863e-01
   2.9920000e+00   3.7482137e-01
   2.9930000e+00   3.9036937e-01
   2.9940000e+00   4.0595704e-01
   2.9950000e+00   4.2157876e-01
   2.9960000e+00   4.3722887e-01
   2.9970000e+00   4.5290173e-01
   2.9980000e+00   4.6859167e-01
   2.9990000e+00   4.8429299e-01
   3.0000000e+00   5.0000000e-01
