   1.00000    1.50000
   1.00501    1.50491
   1.01001    1.50976
   1.01502    1.51454
   1.02002    1.51925
   1.02503    1.52390
   1.03003    1.52849
   1.03504    1.53301
   1.04004    1.53748
   1.04505    1.54188
   1.05005    1.54622
   1.05506    1.55050
   1.06006    1.55473
   1.06507    1.55889
   1.07007    1.56300
   1.07508    1.56705
   1.08008    1.57105
   1.08509    1.57500
   1.09009    1.57889
   1.09510    1.58273
   1.10010    1.58651
   1.10511    1.59025
   1.11011    1.59393
   1.11512    1.59757
   1.12012    1.60115
   1.12513    1.60469
   1.13013    1.60818
   1.13514    1.61163
   1.14014    1.61502
   1.14515    1.61838
   1.15015    1.62169
   1.15516    1.62495
   1.16016    1.62818
   1.16517    1.63136
   1.17017    1.63450
   1.17518    1.63760
   1.18018    1.64065
   1.18519    1.64367
   1.19019    1.64666
   1.19520    1.64960
   1.20020    1.65251
   1.20521    1.65538
   1.21021    1.65821
   1.21522    1.66101
   1.22022    1.66377
   1.22523    1.66651
   1.23023    1.66920
   1.23524    1.67187
   1.24024    1.67451
   1.24525    1.67711
   1.25025    1.67968
   1.25526    1.68222
   1.26026    1.68474
   1.26527    1.68722
   1.27027    1.68968
   1.27528    1.69211
   1.28028    1.69452
   1.28529    1.69689
   1.29029    1.69925
   1.29530    1.70157
   1.30030    1.70388
   1.30531    1.70616
   1.31031    1.70841
   1.31532    1.71065
   1.32032    1.71286
   1.32533    1.71505
   1.33033    1.71723
   1.33534    1.71938
   1.34034    1.72151
   1.34535    1.72362
   1.35035    1.72572
   1.35536    1.72779
   1.36036    1.72985
   1.36537    1.73189
   1.37037    1.73392
   1.37538    1.73593
   1.38038    1.73793
   1.38539    1.73991
   1.39039    1.74187
   1.39540    1.74383
   1.40040    1.74577
   1.40541    1.74770
   1.41041    1.74961
   1.41542    1.75152
   1.42042    1.75341
   1.42543    1.75529
   1.43043    1.75717
   1.43544    1.75903
   1.44044    1.76088
   1.44545    1.76273
   1.45045    1.76457
   1.45546    1.76640
   1.46046    1.76822
   1.46547    1.77004
   1.47047    1.77185
   1.47548    1.77365
   1.48048    1.77545
   1.48549    1.77724
   1.49049    1.77903
   1.49550    1.78082
   1.50050    1.78260
   1.50551    1.78438
   1.51051    1.78615
   1.51552    1.78793
   1.52052    1.78970
   1.52553    1.79147
   1.53053    1.79324
   1.53554    1.79501
   1.54054    1.79678
   1.54555    1.79855
   1.55055    1.80032
   1.55556    1.80209
   1.56056    1.80386
   1.56557    1.80563
   1.57057    1.80741
   1.57558    1.80918
   1.58058    1.81096
   1.58559    1.81275
   1.59059    1.81454
   1.59560    1.81633
   1.60060    1.81812
   1.60561    1.81992
   1.61061    1.82173
   1.61562    1.82354
   1.62062    1.82535
   1.62563    1.82718
   1.63063    1.82901
   1.63564    1.83084
   1.64064    1.83268
   1.64565    1.83453
   1.65065    1.83639
   1.65566    1.83825
   1.66066    1.84013
   1.66567    1.84201
   1.67067    1.84390
   1.67568    1.84580
   1.68068    1.84771
   1.68569    1.84963
   1.69069    1.85156
   1.69570    1.85350
   1.70070    1.85545
   1.70571    1.85741
   1.71071    1.85938
   1.71572    1.86136
   1.72072    1.86336
   1.72573    1.86537
   1.73073    1.86739
   1.73574    1.86942
   1.74074    1.87146
   1.74575    1.87352
   1.75075    1.87559
   1.75576    1.87768
   1.76076    1.87978
   1.76577    1.88189
   1.77077    1.88401
   1.77578    1.88616
   1.78078    1.88831
   1.78579    1.89048
   1.79079    1.89267
   1.79580    1.89487
   1.80080    1.89709
   1.80581    1.89932
   1.81081    1.90157
   1.81582    1.90383
   1.82082    1.90611
   1.82583    1.90841
   1.83083    1.91072
   1.83584    1.91306
   1.84084    1.91540
   1.84585    1.91777
   1.85085    1.92015
   1.85586    1.92255
   1.86086    1.92497
   1.86587    1.92741
   1.87087    1.92987
   1.87588    1.93234
   1.88088    1.93483
   1.88589    1.93734
   1.89089    1.93987
   1.89590    1.94242
   1.90090    1.94499
   1.90591    1.94758
   1.91091    1.95019
   1.91592    1.95281
   1.92092    1.95546
   1.92593    1.95813
   1.93093    1.96081
   1.93594    1.96352
   1.94094    1.96625
   1.94595    1.96899
   1.95095    1.97176
   1.95596    1.97455
   1.96096    1.97736
   1.96597    1.98019
   1.97097    1.98304
   1.97598    1.98591
   1.98098    1.98881
   1.98599    1.99172
   1.99099    1.99466
   1.99600    1.99762
   2.00100    2.00060
   2.00601    2.00360
   2.01101    2.00662
   2.01602    2.00967
   2.02102    2.01274
   2.02603    2.01582
   2.03103    2.01894
   2.03604    2.02207
   2.04104    2.02523
   2.04605    2.02840
   2.05105    2.03160
   2.05606    2.03483
   2.06106    2.03807
   2.06607    2.04134
   2.07107    2.04463
   2.07608    2.04795
   2.08108    2.05128
   2.08609    2.05464
   2.09109    2.05803
   2.09610    2.06143
   2.10110    2.06486
   2.10611    2.06831
   2.11111    2.07178
   2.11612    2.07528
   2.12112    2.07880
   2.12613    2.08235
   2.13113    2.08591
   2.13614    2.08950
   2.14114    2.09312
   2.14615    2.09675
   2.15115    2.10041
   2.15616    2.10409
   2.16116    2.10780
   2.16617    2.11153
   2.17117    2.11528
   2.17618    2.11906
   2.18118    2.12286
   2.18619    2.12668
   2.19119    2.13053
   2.19620    2.13439
   2.20120    2.13829
   2.20621    2.14220
   2.21121    2.14614
   2.21622    2.15010
   2.22122    2.15409
   2.22623    2.15810
   2.23123    2.16213
   2.23624    2.16618
   2.24124    2.17026
   2.24625    2.17436
   2.25125    2.17849
   2.25626    2.18263
   2.26126    2.18680
   2.26627    2.19100
   2.27127    2.19521
   2.27628    2.19945
   2.28128    2.20371
   2.28629    2.20800
   2.29129    2.21231
   2.29630    2.21664
   2.30130    2.22099
   2.30631    2.22537
   2.31131    2.22976
   2.31632    2.23418
   2.32132    2.23863
   2.32633    2.24309
   2.33133    2.24758
   2.33634    2.25209
   2.34134    2.25662
   2.34635    2.26118
   2.35135    2.26575
   2.35636    2.27035
   2.36136    2.27497
   2.36637    2.27962
   2.37137    2.28428
   2.37638    2.28897
   2.38138    2.29367
   2.38639    2.29840
   2.39139    2.30315
   2.39640    2.30792
   2.40140    2.31272
   2.40641    2.31753
   2.41141    2.32237
   2.41642    2.32722
   2.42142    2.33210
   2.42643    2.33700
   2.43143    2.34192
   2.43644    2.34686
   2.44144    2.35181
   2.44645    2.35679
   2.45145    2.36180
   2.45646    2.36682
   2.46146    2.37186
   2.46647    2.37692
   2.47147    2.38200
   2.47648    2.38710
   2.48148    2.39222
   2.48649    2.39736
   2.49149    2.40251
   2.49650    2.40769
   2.50150    2.41289
   2.50651    2.41811
   2.51151    2.42334
   2.51652    2.42859
   2.52152    2.43387
   2.52653    2.43916
   2.53153    2.44447
   2.53654    2.44979
   2.54154    2.45514
   2.54655    2.46050
   2.55155    2.46588
   2.55656    2.47128
   2.56156    2.47670
   2.56657    2.48213
   2.57157    2.48758
   2.57658    2.49305
   2.58158    2.49854
   2.58659    2.50404
   2.59159    2.50956
   2.59660    2.51509
   2.60160    2.52065
   2.60661    2.52621
   2.61161    2.53180
   2.61662    2.53740
   2.62162    2.54301
   2.62663    2.54864
   2.63163    2.55429
   2.63664    2.55995
   2.64164    2.56563
   2.64665    2.57132
   2.65165    2.57703
   2.65666    2.58275
   2.66166    2.58849
   2.66667    2.59424
   2.67167    2.60000
   2.67668    2.60578
   2.68168    2.61157
   2.68669    2.61738
   2.69169    2.62320
   2.69670    2.62903
   2.70170    2.63488
   2.70671    2.64074
   2.71171    2.64661
   2.71672    2.65249
   2.72172    2.65839
   2.72673    2.66430
   2.73173    2.67022
   2.73674    2.67615
   2.74174    2.68210
   2.74675    2.68805
   2.75175    2.69402
   2.75676    2.70000
   2.76176    2.70599
   2.76677    2.71199
   2.77177    2.71800
   2.77678    2.72402
   2.78178    2.73005
   2.78679    2.73609
   2.79179    2.74214
   2.79680    2.74821
   2.80180    2.75428
   2.80681    2.76036
   2.81181    2.76644
   2.81682    2.77254
   2.82182    2.77865
   2.82683    2.78476
   2.83183    2.79088
   2.83684    2.79702
   2.84184    2.80315
   2.84685    2.80930
   2.85185    2.81545
   2.85686    2.82161
   2.86186    2.82778
   2.86687    2.83396
   2.87187    2.84014
   2.87688    2.84633
   2.88188    2.85252
   2.88689    2.85872
   2.89189    2.86493
   2.89690    2.87114
   2.90190    2.87736
   2.90691    2.88358
   2.91191    2.88981
   2.91692    2.89604
   2.92192    2.90227
   2.92693    2.90852
   2.93193    2.91476
   2.93694    2.92101
   2.94194    2.92726
   2.94695    2.93352
   2.95195    2.93978
   2.95696    2.94604
   2.96196    2.95231
   2.96697    2.95858
   2.97197    2.96485
   2.97698    2.97112
   2.98198    2.97740
   2.98699    2.98367
   2.99199    2.98995
   2.99700    2.99623
   3.00200    3.00251
   3.00701    3.00879
   3.01201    3.01508
   3.01702    3.02136
   3.02202    3.02764
   3.02703    3.03393
   3.03203    3.04021
   3.03704    3.04650
   3.04204    3.05278
   3.04705    3.05906
   3.05205    3.06534
   3.05706    3.07162
   3.06206    3.07790
   3.06707    3.08418
   3.07207    3.09045
   3.07708    3.09672
   3.08208    3.10299
   3.08709    3.10926
   3.09209    3.11553
   3.09710    3.12179
   3.10210    3.12805
   3.10711    3.13430
   3.11211    3.14055
   3.11712    3.14680
   3.12212    3.15305
   3.12713    3.15929
   3.13213    3.16552
   3.13714    3.17175
   3.14214    3.17798
   3.14715    3.18420
   3.15215    3.19041
   3.15716    3.19662
   3.16216    3.20282
   3.16717    3.20902
   3.17217    3.21521
   3.17718    3.22140
   3.18218    3.22758
   3.18719    3.23375
   3.19219    3.23991
   3.19720    3.24607
   3.20220    3.25221
   3.20721    3.25836
   3.21221    3.26449
   3.21722    3.27061
   3.22222    3.27673
   3.22723    3.28284
   3.23223    3.28894
   3.23724    3.29502
   3.24224    3.30111
   3.24725    3.30718
   3.25225    3.31324
   3.25726    3.31929
   3.26226    3.32533
   3.26727    3.33136
   3.27227    3.33738
   3.27728    3.34339
   3.28228    3.34938
   3.28729    3.35537
   3.29229    3.36134
   3.29730    3.36731
   3.30230    3.37326
   3.30731    3.37920
   3.31231    3.38512
   3.31732    3.39104
   3.32232    3.39694
   3.32733    3.40283
   3.33233    3.40870
   3.33734    3.41456
   3.34234    3.42041
   3.34735    3.42625
   3.35235    3.43207
   3.35736    3.43787
   3.36236    3.44366
   3.36737    3.44944
   3.37237    3.45520
   3.37738    3.46095
   3.38238    3.46668
   3.38739    3.47240
   3.39239    3.47810
   3.39740    3.48378
   3.40240    3.48945
   3.40741    3.49510
   3.41241    3.50074
   3.41742    3.50636
   3.42242    3.51196
   3.42743    3.51755
   3.43243    3.52311
   3.43744    3.52866
   3.44244    3.53420
   3.44745    3.53971
   3.45245    3.54521
   3.45746    3.55068
   3.46246    3.55614
   3.46747    3.56159
   3.47247    3.56701
   3.47748    3.57241
   3.48248    3.57779
   3.48749    3.58316
   3.49249    3.58850
   3.49750    3.59383
   3.50250    3.59913
   3.50751    3.60442
   3.51251    3.60968
   3.51752    3.61493
   3.52252    3.62015
   3.52753    3.62535
   3.53253    3.63053
   3.53754    3.63569
   3.54254    3.64083
   3.54755    3.64595
   3.55255    3.65104
   3.55756    3.65612
   3.56256    3.66117
   3.56757    3.66620
   3.57257    3.67120
   3.57758    3.67619
   3.58258    3.68115
   3.58759    3.68608
   3.59259    3.69100
   3.59760    3.69589
   3.60260    3.70076
   3.60761    3.70560
   3.61261    3.71042
   3.61762    3.71521
   3.62262    3.71999
   3.62763    3.72473
   3.63263    3.72945
   3.63764    3.73415
   3.64264    3.73883
   3.64765    3.74347
   3.65265    3.74810
   3.65766    3.75269
   3.66266    3.75727
   3.66767    3.76181
   3.67267    3.76633
   3.67768    3.77083
   3.68268    3.77530
   3.68769    3.77974
   3.69269    3.78416
   3.69770    3.78855
   3.70270    3.79291
   3.70771    3.79725
   3.71271    3.80155
   3.71772    3.80584
   3.72272    3.81009
   3.72773    3.81432
   3.73273    3.81852
   3.73774    3.82269
   3.74274    3.82684
   3.74775    3.83096
   3.75275    3.83505
   3.75776    3.83911
   3.76276    3.84314
   3.76777    3.84715
   3.77277    3.85112
   3.77778    3.85507
   3.78278    3.85899
   3.78779    3.86288
   3.79279    3.86674
   3.79780    3.87057
   3.80280    3.87438
   3.80781    3.87815
   3.81281    3.88189
   3.81782    3.88561
   3.82282    3.88929
   3.82783    3.89295
   3.83283    3.89658
   3.83784    3.90017
   3.84284    3.90374
   3.84785    3.90728
   3.85285    3.91078
   3.85786    3.91426
   3.86286    3.91770
   3.86787    3.92112
   3.87287    3.92450
   3.87788    3.92786
   3.88288    3.93118
   3.88789    3.93447
   3.89289    3.93773
   3.89790    3.94096
   3.90290    3.94416
   3.90791    3.94733
   3.91291    3.95047
   3.91792    3.95357
   3.92292    3.95665
   3.92793    3.95969
   3.93293    3.96270
   3.93794    3.96568
   3.94294    3.96863
   3.94795    3.97155
   3.95295    3.97443
   3.95796    3.97729
   3.96296    3.98011
   3.96797    3.98290
   3.97297    3.98566
   3.97798    3.98838
   3.98298    3.99108
   3.98799    3.99374
   3.99299    3.99637
   3.99800    3.99897
   4.00300    4.00154
   4.00801    4.00407
   4.01301    4.00657
   4.01802    4.00904
   4.02302    4.01148
   4.02803    4.01388
   4.03303    4.01626
   4.03804    4.01860
   4.04304    4.02090
   4.04805    4.02318
   4.05305    4.02542
   4.05806    4.02763
   4.06306    4.02981
   4.06807    4.03196
   4.07307    4.03407
   4.07808    4.03615
   4.08308    4.03820
   4.08809    4.04022
   4.09309    4.04220
   4.09810    4.04415
   4.10310    4.04607
   4.10811    4.04796
   4.11311    4.04981
   4.11812    4.05163
   4.12312    4.05342
   4.12813    4.05518
   4.13313    4.05691
   4.13814    4.05860
   4.14314    4.06026
   4.14815    4.06189
   4.15315    4.06348
   4.15816    4.06505
   4.16316    4.06658
   4.16817    4.06808
   4.17317    4.06955
   4.17818    4.07098
   4.18318    4.07239
   4.18819    4.07376
   4.19319    4.07510
   4.19820    4.07641
   4.20320    4.07768
   4.20821    4.07893
   4.21321    4.08014
   4.21822    4.08132
   4.22322    4.08247
   4.22823    4.08359
   4.23323    4.08468
   4.23824    4.08574
   4.24324    4.08676
   4.24825    4.08776
   4.25325    4.08872
   4.25826    4.08965
   4.26326    4.09055
   4.26827    4.09143
   4.27327    4.09227
   4.27828    4.09308
   4.28328    4.09386
   4.28829    4.09460
   4.29329    4.09532
   4.29830    4.09601
   4.30330    4.09667
   4.30831    4.09730
   4.31331    4.09790
   4.31832    4.09847
   4.32332    4.09901
   4.32833    4.09952
   4.33333    4.10000
   4.33834    4.10045
   4.34334    4.10088
   4.34835    4.10127
   4.35335    4.10164
   4.35836    4.10197
   4.36336    4.10228
   4.36837    4.10256
   4.37337    4.10282
   4.37838    4.10304
   4.38338    4.10324
   4.38839    4.10341
   4.39339    4.10355
   4.39840    4.10366
   4.40340    4.10375
   4.40841    4.10381
   4.41341    4.10384
   4.41842    4.10385
   4.42342    4.10383
   4.42843    4.10379
   4.43343    4.10371
   4.43844    4.10362
   4.44344    4.10349
   4.44845    4.10335
   4.45345    4.10317
   4.45846    4.10297
   4.46346    4.10275
   4.46847    4.10250
   4.47347    4.10223
   4.47848    4.10193
   4.48348    4.10161
   4.48849    4.10127
   4.49349    4.10090
   4.49850    4.10051
   4.50350    4.10010
   4.50851    4.09966
   4.51351    4.09920
   4.51852    4.09872
   4.52352    4.09822
   4.52853    4.09769
   4.53353    4.09715
   4.53854    4.09658
   4.54354    4.09599
   4.54855    4.09538
   4.55355    4.09475
   4.55856    4.09410
   4.56356    4.09343
   4.56857    4.09274
   4.57357    4.09204
   4.57858    4.09131
   4.58358    4.09056
   4.58859    4.08980
   4.59359    4.08902
   4.59860    4.08821
   4.60360    4.08740
   4.60861    4.08656
   4.61361    4.08571
   4.61862    4.08484
   4.62362    4.08395
   4.62863    4.08305
   4.63363    4.08214
   4.63864    4.08121
   4.64364    4.08026
   4.64865    4.07930
   4.65365    4.07832
   4.65866    4.07733
   4.66366    4.07633
   4.66867    4.07531
   4.67367    4.07428
   4.67868    4.07324
   4.68368    4.07219
   4.68869    4.07112
   4.69369    4.07004
   4.69870    4.06896
   4.70370    4.06786
   4.70871    4.06675
   4.71371    4.06563
   4.71872    4.06450
   4.72372    4.06337
   4.72873    4.06222
   4.73373    4.06107
   4.73874    4.05990
   4.74374    4.05873
   4.74875    4.05756
   4.75375    4.05638
   4.75876    4.05519
   4.76376    4.05399
   4.76877    4.05279
   4.77377    4.05159
   4.77878    4.05038
   4.78378    4.04916
   4.78879    4.04795
   4.79379    4.04673
   4.79880    4.04550
   4.80380    4.04428
   4.80881    4.04305
   4.81381    4.04182
   4.81882    4.04060
   4.82382    4.03937
   4.82883    4.03814
   4.83383    4.03691
   4.83884    4.03568
   4.84384    4.03446
   4.84885    4.03323
   4.85385    4.03201
   4.85886    4.03080
   4.86386    4.02958
   4.86887    4.02837
   4.87387    4.02717
   4.87888    4.02597
   4.88388    4.02477
   4.88889    4.02359
   4.89389    4.02241
   4.89890    4.02123
   4.90390    4.02007
   4.90891    4.01891
   4.91391    4.01776
   4.91892    4.01662
   4.92392    4.01550
   4.92893    4.01438
   4.93393    4.01327
   4.93894    4.01218
   4.94394    4.01109
   4.94895    4.01003
   4.95395    4.00897
   4.95896    4.00793
   4.96396    4.00690
   4.96897    4.00589
   4.97397    4.00489
   4.97898    4.00392
   4.98398    4.00295
   4.98899    4.00201
   4.99399    4.00109
   4.99900    4.00018
   5.00400    3.99929
   5.00901    3.99843
   5.01401    3.99758
   5.01902    3.99676
   5.02402    3.99596
   5.02903    3.99518
   5.03403    3.99442
   5.03904    3.99369
   5.04404    3.99299
   5.04905    3.99231
   5.05405    3.99165
   5.05906    3.99103
   5.06406    3.99043
   5.06907    3.98986
   5.07407    3.98932
   5.07908    3.98880
   5.08408    3.98832
   5.08909    3.98787
   5.09409    3.98745
   5.09910    3.98707
   5.10410    3.98672
   5.10911    3.98640
   5.11411    3.98611
   5.11912    3.98587
   5.12412    3.98565
   5.12913    3.98548
   5.13413    3.98534
   5.13914    3.98524
   5.14414    3.98519
   5.14915    3.98517
   5.15415    3.98519
   5.15916    3.98525
   5.16416    3.98536
   5.16917    3.98551
   5.17417    3.98570
   5.17918    3.98594
   5.18418    3.98622
   5.18919    3.98655
   5.19419    3.98693
   5.19920    3.98736
   5.20420    3.98783
   5.20921    3.98836
   5.21421    3.98893
   5.21922    3.98956
   5.22422    3.99024
   5.22923    3.99097
   5.23423    3.99175
   5.23924    3.99260
   5.24424    3.99349
   5.24925    3.99444
   5.25425    3.99545
   5.25926    3.99652
   5.26426    3.99765
   5.26927    3.99884
   5.27427    4.00009
   5.27928    4.00140
   5.28428    4.00277
   5.28929    4.00421
   5.29429    4.00571
   5.29930    4.00728
   5.30430    4.00891
   5.30931    4.01062
   5.31431    4.01239
   5.31932    4.01423
   5.32432    4.01614
   5.32933    4.01812
   5.33433    4.02017
   5.33934    4.02230
   5.34434    4.02450
   5.34935    4.02677
   5.35435    4.02912
   5.35936    4.03155
   5.36436    4.03406
   5.36937    4.03664
   5.37437    4.03931
   5.37938    4.04206
   5.38438    4.04489
   5.38939    4.04780
   5.39439    4.05080
   5.39940    4.05388
   5.40440    4.05705
   5.40941    4.06030
   5.41441    4.06364
   5.41942    4.06708
   5.42442    4.07060
   5.42943    4.07421
   5.43443    4.07792
   5.43944    4.08172
   5.44444    4.08562
   5.44945    4.08961
   5.45445    4.09370
   5.45946    4.09789
   5.46446    4.10217
   5.46947    4.10656
   5.47447    4.11104
   5.47948    4.11563
   5.48448    4.12033
   5.48949    4.12513
   5.49449    4.13003
   5.49950    4.13504
   5.50450    4.14016
   5.50951    4.14539
   5.51451    4.15073
   5.51952    4.15618
   5.52452    4.16174
   5.52953    4.16742
   5.53453    4.17321
   5.53954    4.17912
   5.54454    4.18515
   5.54955    4.19129
   5.55455    4.19756
   5.55956    4.20394
   5.56456    4.21045
   5.56957    4.21709
   5.57457    4.22384
   5.57958    4.23073
   5.58458    4.23774
   5.58959    4.24488
   5.59459    4.25215
   5.59960    4.25955
   5.60460    4.26708
   5.60961    4.27475
   5.61461    4.28255
   5.61962    4.29049
   5.62462    4.29857
   5.62963    4.30678
   5.63463    4.31514
   5.63964    4.32363
   5.64464    4.33227
   5.64965    4.34106
   5.65465    4.34999
   5.65966    4.35906
   5.66466    4.36829
   5.66967    4.37766
   5.67467    4.38718
   5.67968    4.39686
   5.68468    4.40669
   5.68969    4.41667
   5.69469    4.42682
   5.69970    4.43712
   5.70470    4.44757
   5.70971    4.45819
   5.71471    4.46897
   5.71972    4.47992
   5.72472    4.49103
   5.72973    4.50230
   5.73473    4.51374
   5.73974    4.52536
   5.74474    4.53714
   5.74975    4.54909
   5.75475    4.56122
   5.75976    4.57352
   5.76476    4.58600
   5.76977    4.59866
   5.77477    4.61149
   5.77978    4.62451
   5.78478    4.63771
   5.78979    4.65109
   5.79479    4.66466
   5.79980    4.67842
   5.80480    4.69236
   5.80981    4.70649
   5.81481    4.72082
   5.81982    4.73533
   5.82482    4.75005
   5.82983    4.76495
   5.83483    4.78006
   5.83984    4.79536
   5.84484    4.81087
   5.84985    4.82658
   5.85485    4.84249
   5.85986    4.85861
   5.86486    4.87493
   5.86987    4.89146
   5.87487    4.90821
   5.87988    4.92516
   5.88488    4.94233
   5.88989    4.95971
   5.89489    4.97731
   5.89990    4.99513
   5.90490    5.01317
   5.90991    5.03143
   5.91491    5.04992
   5.91992    5.06863
   5.92492    5.08757
   5.92993    5.10673
   5.93493    5.12613
   5.93994    5.14575
   5.94494    5.16561
   5.94995    5.18571
   5.95495    5.20604
   5.95996    5.22662
   5.96496    5.24743
   5.96997    5.26848
   5.97497    5.28978
   5.97998    5.31133
   5.98498    5.33312
   5.98999    5.35516
   5.99499    5.37745
   6.00000    5.40000
