       0.000000        0.000000        1.000000
       0.008008        0.008008        0.999840
       0.016016        0.016013        0.999359
       0.024024        0.024012        0.998557
       0.032032        0.032005        0.997436
       0.040040        0.039987        0.995995
       0.048048        0.047956        0.994234
       0.056056        0.055909        0.992155
       0.064064        0.063845        0.989757
       0.072072        0.071761        0.987042
       0.080080        0.079653        0.984011
       0.088088        0.087520        0.980664
       0.096096        0.095358        0.977003
       0.104104        0.103166        0.973028
       0.112112        0.110942        0.968741
       0.120120        0.118681        0.964144
       0.128128        0.126382        0.959238
       0.136136        0.134043        0.954024
       0.144144        0.141661        0.948504
       0.152152        0.149234        0.942680
       0.160160        0.156758        0.936554
       0.168168        0.164233        0.930128
       0.176176        0.171655        0.923403
       0.184184        0.179021        0.916382
       0.192192        0.186331        0.909068
       0.200200        0.193580        0.901462
       0.208208        0.200768        0.893567
       0.216216        0.207891        0.885385
       0.224224        0.214947        0.876920
       0.232232        0.221935        0.868173
       0.240240        0.228851        0.859148
       0.248248        0.235694        0.849848
       0.256256        0.242462        0.840275
       0.264264        0.249151        0.830432
       0.272272        0.255761        0.820324
       0.280280        0.262289        0.809952
       0.288288        0.268733        0.799321
       0.296296        0.275090        0.788433
       0.304304        0.281360        0.777293
       0.312312        0.287539        0.765903
       0.320320        0.293626        0.754268
       0.328328        0.299618        0.742391
       0.336336        0.305515        0.730276
       0.344344        0.311314        0.717926
       0.352352        0.317013        0.705347
       0.360360        0.322610        0.692541
       0.368368        0.328104        0.679514
       0.376376        0.333493        0.666268
       0.384384        0.338774        0.652809
       0.392392        0.343947        0.639141
       0.400400        0.349010        0.625267
       0.408408        0.353961        0.611193
       0.416416        0.358799        0.596923
       0.424424        0.363521        0.582462
       0.432432        0.368127        0.567814
       0.440440        0.372615        0.552984
       0.448448        0.376983        0.537977
       0.456456        0.381230        0.522797
       0.464464        0.385356        0.507449
       0.472472        0.389357        0.491939
       0.480480        0.393234        0.476271
       0.488488        0.396985        0.460451
       0.496496        0.400608        0.444482
       0.504505        0.404103        0.428372
       0.512513        0.407469        0.412124
       0.520521        0.410704        0.395743
       0.528529        0.413807        0.379236
       0.536537        0.416777        0.362607
       0.544545        0.419614        0.345862
       0.552553        0.422316        0.329006
       0.560561        0.424883        0.312045
       0.568569        0.427314        0.294984
       0.576577        0.429607        0.277828
       0.584585        0.431763        0.260582
       0.592593        0.433780        0.243254
       0.600601        0.435659        0.225847
       0.608609        0.437397        0.208368
       0.616617        0.438996        0.190822
       0.624625        0.440454        0.173215
       0.632633        0.441770        0.155553
       0.640641        0.442945        0.137840
       0.648649        0.443977        0.120083
       0.656657        0.444868        0.102288
       0.664665        0.445616        0.084460
       0.672673        0.446221        0.066605
       0.680681        0.446682        0.048729
       0.688689        0.447001        0.030837
       0.696697        0.447176        0.012935
       0.704705        0.447208       -0.004971
       0.712713        0.447097       -0.022876
       0.720721        0.446842       -0.040773
       0.728729        0.446444       -0.058657
       0.736737        0.445902       -0.076522
       0.744745        0.445218       -0.094363
       0.752753        0.444391       -0.112173
       0.760761        0.443422       -0.129948
       0.768769        0.442310       -0.147681
       0.776777        0.441056       -0.165366
       0.784785        0.439662       -0.182999
       0.792793        0.438126       -0.200572
       0.800801        0.436449       -0.218082
       0.808809        0.434633       -0.235522
       0.816817        0.432677       -0.252886
       0.824825        0.430583       -0.270169
       0.832833        0.428351       -0.287365
       0.840841        0.425981       -0.304469
       0.848849        0.423475       -0.321476
       0.856857        0.420832       -0.338379
       0.864865        0.418055       -0.355174
       0.872873        0.415144       -0.371855
       0.880881        0.412100       -0.388417
       0.888889        0.408924       -0.404854
       0.896897        0.405616       -0.421162
       0.904905        0.402179       -0.437334
       0.912913        0.398612       -0.453367
       0.920921        0.394918       -0.469254
       0.928929        0.391097       -0.484990
       0.936937        0.387151       -0.500571
       0.944945        0.383080       -0.515992
       0.952953        0.378887       -0.531247
       0.960961        0.374572       -0.546331
       0.968969        0.370137       -0.561241
       0.976977        0.365584       -0.575970
       0.984985        0.360913       -0.590515
       0.992993        0.356127       -0.604871
       1.001001        0.351226       -0.619032
       1.009009        0.346213       -0.632995
       1.017017        0.341089       -0.646756
       1.025025        0.335855       -0.660308
       1.033033        0.330514       -0.673649
       1.041041        0.325066       -0.686775
       1.049049        0.319515       -0.699679
       1.057057        0.313861       -0.712360
       1.065065        0.308106       -0.724812
       1.073073        0.302253       -0.737032
       1.081081        0.296303       -0.749015
       1.089089        0.290257       -0.760758
       1.097097        0.284119       -0.772258
       1.105105        0.277889       -0.783510
       1.113113        0.271571       -0.794510
       1.121121        0.265165       -0.805256
       1.129129        0.258675       -0.815743
       1.137137        0.252101       -0.825969
       1.145145        0.245447       -0.835931
       1.153153        0.238713       -0.845624
       1.161161        0.231904       -0.855046
       1.169169        0.225020       -0.864194
       1.177177        0.218064       -0.873064
       1.185185        0.211038       -0.881655
       1.193193        0.203944       -0.889963
       1.201201        0.196785       -0.897986
       1.209209        0.189562       -0.905721
       1.217217        0.182279       -0.913165
       1.225225        0.174938       -0.920317
       1.233233        0.167540       -0.927174
       1.241241        0.160089       -0.933733
       1.249249        0.152586       -0.939993
       1.257257        0.145035       -0.945952
       1.265265        0.137437       -0.951607
       1.273273        0.129795       -0.956957
       1.281281        0.122111       -0.962000
       1.289289        0.114388       -0.966735
       1.297297        0.106629       -0.971160
       1.305305        0.098835       -0.975273
       1.313313        0.091009       -0.979074
       1.321321        0.083155       -0.982561
       1.329329        0.075274       -0.985733
       1.337337        0.067368       -0.988589
       1.345345        0.059441       -0.991128
       1.353353        0.051495       -0.993349
       1.361361        0.043533       -0.995251
       1.369369        0.035556       -0.996834
       1.377377        0.027568       -0.998098
       1.385385        0.019571       -0.999042
       1.393393        0.011568       -0.999665
       1.401401        0.003562       -0.999968
       1.409409       -0.004446       -0.999951
       1.417417       -0.012453       -0.999612
       1.425425       -0.020455       -0.998953
       1.433433       -0.028451       -0.997974
       1.441441       -0.036438       -0.996675
       1.449449       -0.044413       -0.995056
       1.457457       -0.052374       -0.993119
       1.465465       -0.060318       -0.990863
       1.473473       -0.068243       -0.988289
       1.481481       -0.076146       -0.985398
       1.489489       -0.084024       -0.982191
       1.497497       -0.091876       -0.978670
       1.505506       -0.099698       -0.974834
       1.513514       -0.107488       -0.970686
       1.521522       -0.115243       -0.966227
       1.529530       -0.122962       -0.961458
       1.537538       -0.130641       -0.956381
       1.545546       -0.138279       -0.950997
       1.553554       -0.145872       -0.945308
       1.561562       -0.153418       -0.939316
       1.569570       -0.160915       -0.933023
       1.577578       -0.168360       -0.926431
       1.585586       -0.175752       -0.919541
       1.593594       -0.183087       -0.912357
       1.601602       -0.190363       -0.904881
       1.609610       -0.197579       -0.897114
       1.617618       -0.204731       -0.889059
       1.625626       -0.211817       -0.880720
       1.633634       -0.218836       -0.872098
       1.641642       -0.225784       -0.863196
       1.649650       -0.232660       -0.854018
       1.657658       -0.239461       -0.844566
       1.665666       -0.246186       -0.834843
       1.673674       -0.252831       -0.824852
       1.681682       -0.259396       -0.814597
       1.689690       -0.265877       -0.804081
       1.697698       -0.272273       -0.793307
       1.705706       -0.278582       -0.782278
       1.713714       -0.284802       -0.770999
       1.721722       -0.290930       -0.759473
       1.729730       -0.296965       -0.747703
       1.737738       -0.302905       -0.735693
       1.745746       -0.308747       -0.723447
       1.753754       -0.314491       -0.710970
       1.761762       -0.320133       -0.698264
       1.769770       -0.325673       -0.685335
       1.777778       -0.331109       -0.672186
       1.785786       -0.336439       -0.658821
       1.793794       -0.341660       -0.645245
       1.801802       -0.346772       -0.631462
       1.809810       -0.351773       -0.617477
       1.817818       -0.356661       -0.603294
       1.825826       -0.361435       -0.588917
       1.833834       -0.366093       -0.574352
       1.841842       -0.370633       -0.559602
       1.849850       -0.375055       -0.544673
       1.857858       -0.379356       -0.529569
       1.865866       -0.383536       -0.514296
       1.873874       -0.387593       -0.498857
       1.881882       -0.391525       -0.483259
       1.889890       -0.395332       -0.467505
       1.897898       -0.399013       -0.451602
       1.905906       -0.402565       -0.435554
       1.913914       -0.405988       -0.419366
       1.921922       -0.409281       -0.403044
       1.929930       -0.412443       -0.386593
       1.937938       -0.415472       -0.370018
       1.945946       -0.418369       -0.353324
       1.953954       -0.421131       -0.336516
       1.961962       -0.423758       -0.319601
       1.969970       -0.426249       -0.302584
       1.977978       -0.428604       -0.285469
       1.985986       -0.430821       -0.268263
       1.993994       -0.432900       -0.250971
       2.002002       -0.434841       -0.233598
       2.010010       -0.436641       -0.216150
       2.018018       -0.438302       -0.198634
       2.026026       -0.439823       -0.181053
       2.034034       -0.441202       -0.163414
       2.042042       -0.442440       -0.145723
       2.050050       -0.443536       -0.127986
       2.058058       -0.444489       -0.110207
       2.066066       -0.445301       -0.092393
       2.074074       -0.445969       -0.074549
       2.082082       -0.446495       -0.056682
       2.090090       -0.446877       -0.038796
       2.098098       -0.447116       -0.020897
       2.106106       -0.447212       -0.002993
       2.114114       -0.447164        0.014913
       2.122122       -0.446973        0.032814
       2.130130       -0.446638        0.050705
       2.138138       -0.446161        0.068579
       2.146146       -0.445540        0.086432
       2.154154       -0.444776        0.104256
       2.162162       -0.443870        0.122048
       2.170170       -0.442822        0.139800
       2.178178       -0.441631        0.157507
       2.186186       -0.440299        0.175164
       2.194194       -0.438826        0.192764
       2.202202       -0.437212        0.210303
       2.210210       -0.435458        0.227774
       2.218218       -0.433564        0.245173
       2.226226       -0.431532        0.262492
       2.234234       -0.429361        0.279728
       2.242242       -0.427052        0.296874
       2.250250       -0.424606        0.313924
       2.258258       -0.422024        0.330874
       2.266266       -0.419307        0.347718
       2.274274       -0.416455        0.364451
       2.282282       -0.413470        0.381066
       2.290290       -0.410353        0.397560
       2.298298       -0.407103        0.413926
       2.306306       -0.403724        0.430159
       2.314314       -0.400214        0.446254
       2.322322       -0.396577        0.462206
       2.330330       -0.392812        0.478010
       2.338338       -0.388921        0.493661
       2.346346       -0.384906        0.509153
       2.354354       -0.380767        0.524483
       2.362362       -0.376506        0.539644
       2.370370       -0.372125        0.554632
       2.378378       -0.367624        0.569442
       2.386386       -0.363005        0.584069
       2.394394       -0.358270        0.598510
       2.402402       -0.353420        0.612758
       2.410410       -0.348456        0.626810
       2.418418       -0.343381        0.640661
       2.426426       -0.338196        0.654307
       2.434434       -0.332902        0.667742
       2.442442       -0.327502        0.680964
       2.450450       -0.321997        0.693967
       2.458458       -0.316388        0.706748
       2.466466       -0.310678        0.719302
       2.474474       -0.304868        0.731626
       2.482482       -0.298961        0.743715
       2.490490       -0.292958        0.755566
       2.498498       -0.286860        0.767174
       2.506507       -0.280671        0.778536
       2.514515       -0.274392        0.789649
       2.522523       -0.268025        0.800508
       2.530531       -0.261572        0.811111
       2.538539       -0.255035        0.821454
       2.546547       -0.248416        0.831533
       2.554555       -0.241718        0.841346
       2.562563       -0.234942        0.850889
       2.570571       -0.228090        0.860159
       2.578579       -0.221166        0.869153
       2.586587       -0.214171        0.877869
       2.594595       -0.207107        0.886303
       2.602603       -0.199977        0.894453
       2.610611       -0.192782        0.902317
       2.618619       -0.185526        0.909891
       2.626627       -0.178210        0.917173
       2.634635       -0.170837        0.924161
       2.642643       -0.163409        0.930853
       2.650651       -0.155929        0.937246
       2.658659       -0.148399        0.943339
       2.666667       -0.140822        0.949129
       2.674675       -0.133199        0.954615
       2.682683       -0.125533        0.959795
       2.690691       -0.117828        0.964667
       2.698699       -0.110084        0.969230
       2.706707       -0.102305        0.973483
       2.714715       -0.094494        0.977423
       2.722723       -0.086652        0.981049
       2.730731       -0.078782        0.984361
       2.738739       -0.070887        0.987358
       2.746747       -0.062969        0.990038
       2.754755       -0.055031        0.992400
       2.762763       -0.047076        0.994444
       2.770771       -0.039105        0.996170
       2.778779       -0.031122        0.997576
       2.786787       -0.023129        0.998662
       2.794795       -0.015128        0.999428
       2.802803       -0.007123        0.999873
       2.810811        0.000885        0.999998
       2.818819        0.008892        0.999802
       2.826827        0.016897        0.999286
       2.834835        0.024896        0.998449
       2.842843        0.032887        0.997292
       2.850851        0.040868        0.995816
       2.858859        0.048835        0.994020
       2.866867        0.056787        0.991905
       2.874875        0.064721        0.989473
       2.882883        0.072634        0.986723
       2.890891        0.080523        0.983656
       2.898899        0.088387        0.980275
       2.906907        0.096223        0.976579
       2.914915        0.104027        0.972570
       2.922923        0.111799        0.968249
       2.930931        0.119534        0.963617
       2.938939        0.127231        0.958677
       2.946947        0.134887        0.953429
       2.954955        0.142500        0.947876
       2.962963        0.150068        0.942018
       2.970971        0.157587        0.935859
       2.978979        0.165056        0.929399
       2.986987        0.172471        0.922642
       2.994995        0.179832        0.915589
       3.003003        0.187135        0.908242
       3.011011        0.194378        0.900604
       3.019019        0.201558        0.892677
       3.027027        0.208674        0.884464
       3.035035        0.215723        0.875967
       3.043043        0.222703        0.867190
       3.051051        0.229611        0.858134
       3.059059        0.236446        0.848803
       3.067067        0.243205        0.839200
       3.075075        0.249886        0.829328
       3.083083        0.256487        0.819191
       3.091091        0.263005        0.808790
       3.099099        0.269439        0.798130
       3.107107        0.275787        0.787214
       3.115115        0.282047        0.776046
       3.123123        0.288216        0.764629
       3.131131        0.294292        0.752967
       3.139139        0.300275        0.741064
       3.147147        0.306161        0.728922
       3.155155        0.311949        0.716548
       3.163163        0.317636        0.703943
       3.171171        0.323222        0.691113
       3.179179        0.328705        0.678061
       3.187187        0.334082        0.664791
       3.195195        0.339351        0.651309
       3.203203        0.344512        0.637617
       3.211211        0.349563        0.623722
       3.219219        0.354501        0.609626
       3.227227        0.359326        0.595335
       3.235235        0.364036        0.580853
       3.243243        0.368629        0.566184
       3.251251        0.373103        0.551334
       3.259259        0.377458        0.536308
       3.267267        0.381692        0.521109
       3.275275        0.385804        0.505743
       3.283283        0.389792        0.490216
       3.291291        0.393655        0.474531
       3.299299        0.397392        0.458693
       3.307307        0.401001        0.442709
       3.315315        0.404482        0.426583
       3.323323        0.407833        0.410320
       3.331331        0.411053        0.393925
       3.339339        0.414141        0.377404
       3.347347        0.417097        0.360763
       3.355355        0.419919        0.344005
       3.363363        0.422606        0.327137
       3.371371        0.425158        0.310165
       3.379379        0.427574        0.293092
       3.387387        0.429852        0.275926
       3.395395        0.431993        0.258672
       3.403403        0.433995        0.241334
       3.411411        0.435858        0.223919
       3.419419        0.437581        0.206432
       3.427427        0.439164        0.188879
       3.435435        0.440606        0.171266
       3.443443        0.441907        0.153598
       3.451451        0.443066        0.135880
       3.459459        0.444083        0.118119
       3.467467        0.444958        0.100320
       3.475475        0.445690        0.082488
       3.483483        0.446279        0.064631
       3.491491        0.446725        0.046752
       3.499499        0.447027        0.028859
       3.507508        0.447187        0.010956
       3.515516        0.447203       -0.006950
       3.523524        0.447075       -0.024854
       3.531532        0.446805       -0.042750
       3.539540        0.446391       -0.060632
       3.547548        0.445834       -0.078495
       3.555556        0.445134       -0.096333
       3.563564        0.444291       -0.114139
       3.571572        0.443306       -0.131910
       3.579580        0.442178       -0.149637
       3.587588        0.440909       -0.167317
       3.595596        0.439499       -0.184944
       3.603604        0.437947       -0.202511
       3.611612        0.436256       -0.220013
       3.619620        0.434424       -0.237444
       3.627628        0.432453       -0.254799
       3.635636        0.430343       -0.272073
       3.643644        0.428096       -0.289260
       3.651652        0.425711       -0.306353
       3.659660        0.423189       -0.323349
       3.667668        0.420532       -0.340240
       3.675676        0.417740       -0.357023
       3.683684        0.414814       -0.373691
       3.691692        0.411756       -0.390240
       3.699700        0.408565       -0.406663
       3.707708        0.405243       -0.422956
       3.715716        0.401791       -0.439113
       3.723724        0.398210       -0.455130
       3.731732        0.394502       -0.471000
       3.739740        0.390667       -0.486720
       3.747748        0.386707       -0.502283
       3.755756        0.382623       -0.517686
       3.763764        0.378416       -0.532922
       3.771772        0.374088       -0.547987
       3.779780        0.369640       -0.562877
       3.787788        0.365074       -0.577587
       3.795796        0.360390       -0.592111
       3.803804        0.355591       -0.606445
       3.811812        0.350678       -0.620585
       3.819820        0.345652       -0.634526
       3.827828        0.340516       -0.648263
       3.835836        0.335270       -0.661793
       3.843844        0.329917       -0.675111
       3.851852        0.324458       -0.688211
       3.859860        0.318895       -0.701092
       3.867868        0.313230       -0.713747
       3.875876        0.307464       -0.726174
       3.883884        0.301600       -0.738368
       3.891892        0.295639       -0.750325
       3.899900        0.289584       -0.762041
       3.907908        0.283435       -0.773513
       3.915916        0.277196       -0.784738
       3.923924        0.270867       -0.795710
       3.931932        0.264452       -0.806427
       3.939940        0.257952       -0.816886
       3.947948        0.251370       -0.827083
       3.955956        0.244706       -0.837015
       3.963964        0.237965       -0.846678
       3.971972        0.231147       -0.856070
       3.979980        0.224255       -0.865187
       3.987988        0.217291       -0.874027
       3.995996        0.210257       -0.882587
       4.004004        0.203156       -0.890864
       4.012012        0.195990       -0.898855
       4.020020        0.188760       -0.906558
       4.028028        0.181471       -0.913970
       4.036036        0.174123       -0.921089
       4.044044        0.166720       -0.927913
       4.052052        0.159262       -0.934440
       4.060060        0.151754       -0.940666
       4.068068        0.144198       -0.946591
       4.076076        0.136594       -0.952213
       4.084084        0.128948       -0.957529
       4.092092        0.121260       -0.962539
       4.100100        0.113532       -0.967239
       4.108108        0.105769       -0.971630
       4.116116        0.097972       -0.975709
       4.124124        0.090143       -0.979475
       4.132132        0.082285       -0.982927
       4.140140        0.074401       -0.986064
       4.148148        0.066493       -0.988885
       4.156156        0.058564       -0.991389
       4.164164        0.050616       -0.993574
       4.172172        0.042652       -0.995442
       4.180180        0.034674       -0.996990
       4.188188        0.026685       -0.998218
       4.196196        0.018687       -0.999127
       4.204204        0.010684       -0.999715
       4.212212        0.002677       -0.999982
       4.220220       -0.005331       -0.999929
       4.228228       -0.013337       -0.999555
       4.236236       -0.021339       -0.998861
       4.244244       -0.029334       -0.997846
       4.252252       -0.037320       -0.996512
       4.260260       -0.045294       -0.994858
       4.268268       -0.053253       -0.992885
       4.276276       -0.061195       -0.990594
       4.284284       -0.069117       -0.987985
       4.292292       -0.077018       -0.985059
       4.300300       -0.084893       -0.981818
       4.308308       -0.092742       -0.978261
       4.316316       -0.100560       -0.974391
       4.324324       -0.108347       -0.970209
       4.332332       -0.116098       -0.965715
       4.340340       -0.123813       -0.960912
       4.348348       -0.131487       -0.955801
       4.356356       -0.139120       -0.950383
       4.364364       -0.146708       -0.944661
       4.372372       -0.154249       -0.938635
       4.380380       -0.161740       -0.932309
       4.388388       -0.169180       -0.925684
       4.396396       -0.176565       -0.918762
       4.404404       -0.183894       -0.911545
       4.412412       -0.191164       -0.904036
       4.420420       -0.198372       -0.896238
       4.428428       -0.205517       -0.888152
       4.436436       -0.212596       -0.879781
       4.444444       -0.219607       -0.871128
       4.452452       -0.226547       -0.862196
       4.460460       -0.233415       -0.852987
       4.468468       -0.240208       -0.843505
       4.476476       -0.246924       -0.833752
       4.484484       -0.253561       -0.823732
       4.492492       -0.260116       -0.813448
       4.500501       -0.266588       -0.802903
       4.508509       -0.272975       -0.792101
       4.516517       -0.279274       -0.781044
       4.524525       -0.285483       -0.769738
       4.532533       -0.291601       -0.758184
       4.540541       -0.297626       -0.746387
       4.548549       -0.303555       -0.734351
       4.556557       -0.309387       -0.722080
       4.564565       -0.315119       -0.709577
       4.572573       -0.320751       -0.696846
       4.580581       -0.326279       -0.683893
       4.588589       -0.331703       -0.670719
       4.596597       -0.337021       -0.657331
       4.604605       -0.342231       -0.643732
       4.612613       -0.347330       -0.629927
       4.620621       -0.352319       -0.615919
       4.628629       -0.357195       -0.601715
       4.636637       -0.361956       -0.587317
       4.644645       -0.366600       -0.572731
       4.652653       -0.371128       -0.557961
       4.660661       -0.375536       -0.543012
       4.668669       -0.379824       -0.527890
       4.676677       -0.383991       -0.512598
       4.684685       -0.388034       -0.497141
       4.692693       -0.391952       -0.481525
       4.700701       -0.395745       -0.465755
       4.708709       -0.399411       -0.449836
       4.716717       -0.402950       -0.433772
       4.724725       -0.406358       -0.417569
       4.732733       -0.409637       -0.401233
       4.740741       -0.412784       -0.384767
       4.748749       -0.415799       -0.368179
       4.756757       -0.418681       -0.351472
       4.764765       -0.421428       -0.334652
       4.772773       -0.424040       -0.317726
       4.780781       -0.426516       -0.300697
       4.788789       -0.428856       -0.283572
       4.796797       -0.431058       -0.266356
       4.804805       -0.433122       -0.249055
       4.812813       -0.435047       -0.231674
       4.820821       -0.436832       -0.214218
       4.828829       -0.438477       -0.196694
       4.836837       -0.439982       -0.179107
       4.844845       -0.441346       -0.161462
       4.852853       -0.442568       -0.143766
       4.860861       -0.443648       -0.126023
       4.868869       -0.444586       -0.108240
       4.876877       -0.445382       -0.090422
       4.884885       -0.446034       -0.072576
       4.892893       -0.446544       -0.054706
       4.900901       -0.446910       -0.036818
       4.908909       -0.447134       -0.018919
       4.916917       -0.447213       -0.001014
       4.924925       -0.447150        0.016892
       4.932933       -0.446943        0.034792
       4.940941       -0.446593        0.052681
       4.948949       -0.446099        0.070553
       4.956957       -0.445463        0.088403
       4.964965       -0.444683        0.106224
       4.972973       -0.443761        0.124011
       4.980981       -0.442697        0.141759
       4.988989       -0.441491        0.159461
       4.996997       -0.440144        0.177111
       5.005005       -0.438655        0.194705
       5.013013       -0.437025        0.212237
       5.021021       -0.435256        0.229701
       5.029029       -0.433347        0.247090
       5.037037       -0.431299        0.264401
       5.045045       -0.429112        0.281627
       5.053053       -0.426788        0.298763
       5.061061       -0.424327        0.315802
       5.069069       -0.421731        0.332741
       5.077077       -0.418999        0.349573
       5.085085       -0.416132        0.366293
       5.093093       -0.413132        0.382895
       5.101101       -0.410000        0.399375
       5.109109       -0.406736        0.415726
       5.117117       -0.403342        0.431944
       5.125125       -0.399819        0.448024
       5.133133       -0.396167        0.463960
       5.141141       -0.392388        0.479747
       5.149149       -0.388484        0.495381
       5.157157       -0.384455        0.510856
       5.165165       -0.380302        0.526166
       5.173173       -0.376028        0.541309
       5.181181       -0.371633        0.556277
       5.189189       -0.367119        0.571067
       5.197197       -0.362487        0.585674
       5.205205       -0.357739        0.600094
       5.213213       -0.352877        0.614321
       5.221221       -0.347901        0.628351
       5.229229       -0.342814        0.642179
       5.237237       -0.337616        0.655802
       5.245245       -0.332311        0.669214
       5.253253       -0.326899        0.682412
       5.261261       -0.321382        0.695391
       5.269269       -0.315762        0.708147
       5.277277       -0.310041        0.720676
       5.285285       -0.304220        0.732974
       5.293293       -0.298302        0.745036
       5.301301       -0.292288        0.756860
       5.309309       -0.286181        0.768442
       5.317317       -0.279982        0.779776
       5.325325       -0.273693        0.790861
       5.333333       -0.267316        0.801693
       5.341341       -0.260853        0.812267
       5.349349       -0.254307        0.822581
       5.357357       -0.247680        0.832631
       5.365365       -0.240973        0.842414
       5.373373       -0.234188        0.851927
       5.381381       -0.227329        0.861167
       5.389389       -0.220397        0.870130
       5.397397       -0.213394        0.878815
       5.405405       -0.206322        0.887218
       5.413413       -0.199185        0.895336
       5.421421       -0.191983        0.903168
       5.429429       -0.184720        0.910710
       5.437437       -0.177398        0.917959
       5.445445       -0.170019        0.924915
       5.453453       -0.162585        0.931574
       5.461461       -0.155100        0.937934
       5.469469       -0.147564        0.943994
       5.477477       -0.139981        0.949750
       5.485485       -0.132354        0.955203
       5.493493       -0.124684        0.960349
       5.501502       -0.116974        0.965187
       5.509510       -0.109226        0.969716
       5.517518       -0.101444        0.973933
       5.525526       -0.093628        0.977839
       5.533534       -0.085783        0.981431
       5.541542       -0.077911        0.984708
       5.549550       -0.070013        0.987669
       5.557558       -0.062093        0.990314
       5.565566       -0.054153        0.992642
       5.573574       -0.046196        0.994651
       5.581582       -0.038224        0.996341
       5.589590       -0.030239        0.997711
       5.597598       -0.022245        0.998762
       5.605606       -0.014244        0.999493
       5.613614       -0.006238        0.999903
       5.621622        0.001770        0.999992
       5.629630        0.009777        0.999761
       5.637638        0.017781        0.999209
       5.645646        0.025780        0.998337
       5.653654        0.033770        0.997145
       5.661662        0.041749        0.995633
       5.669670        0.049715        0.993802
       5.677678        0.057665        0.991652
       5.685686        0.065596        0.989184
       5.693694        0.073507        0.986399
       5.701702        0.081394        0.983298
       5.709710        0.089255        0.979882
       5.717718        0.097087        0.976151
       5.725726        0.104888        0.972107
       5.733734        0.112655        0.967752
       5.741742        0.120386        0.963086
       5.749750        0.128079        0.958112
       5.757758        0.135731        0.952830
       5.765766        0.143339        0.947243
       5.773774        0.150901        0.941352
       5.781782        0.158415        0.935160
       5.789790        0.165878        0.928667
       5.797798        0.173288        0.921877
       5.805806        0.180642        0.914791
       5.813814        0.187938        0.907412
       5.821822        0.195174        0.899742
       5.829830        0.202348        0.891783
       5.837838        0.209456        0.883539
       5.845846        0.216498        0.875011
       5.853854        0.223470        0.866202
       5.861862        0.230370        0.857116
       5.869870        0.237196        0.847755
       5.877878        0.243947        0.838123
       5.885886        0.250619        0.828221
       5.893894        0.257211        0.818054
       5.901902        0.263720        0.807625
       5.909910        0.270145        0.796937
       5.917918        0.276483        0.785993
       5.925926        0.282733        0.774797
       5.933934        0.288892        0.763353
       5.941942        0.294958        0.751664
       5.949950        0.300930        0.739734
       5.957958        0.306805        0.727566
       5.965966        0.312582        0.715166
       5.973974        0.318259        0.702536
       5.981982        0.323833        0.689681
       5.989990        0.329304        0.676605
       5.997998        0.334669        0.663312
       6.006006        0.339927        0.649806
       6.014014        0.345076        0.636092
       6.022022        0.350114        0.622174
       6.030030        0.355040        0.608056
       6.038038        0.359852        0.593744
       6.046046        0.364549        0.579241
       6.054054        0.369129        0.564552
       6.062062        0.373590        0.549682
       6.070070        0.377932        0.534637
       6.078078        0.382153        0.519419
       6.086086        0.386251        0.504035
       6.094094        0.390225        0.488490
       6.102102        0.394074        0.472788
       6.110110        0.397797        0.456934
       6.118118        0.401392        0.440934
       6.126126        0.404858        0.424792
       6.134134        0.408195        0.408515
       6.142142        0.411401        0.392106
       6.150150        0.414475        0.375571
       6.158158        0.417416        0.358916
       6.166166        0.420223        0.342146
       6.174174        0.422895        0.325267
       6.182182        0.425432        0.308283
       6.190190        0.427832        0.291200
       6.198198        0.430096        0.274024
       6.206206        0.432221        0.256760
       6.214214        0.434208        0.239413
       6.222222        0.436055        0.221990
       6.230230        0.437763        0.204496
       6.238238        0.439330        0.186936
       6.246246        0.440757        0.169316
       6.254254        0.442042        0.151642
       6.262262        0.443185        0.133919
       6.270270        0.444187        0.116154
       6.278278        0.445045        0.098351
       6.286286        0.445762        0.080516
       6.294294        0.446335        0.062656
       6.302302        0.446765        0.044776
       6.310310        0.447052        0.026881
       6.318318        0.447196        0.008978
       6.326326        0.447196       -0.008929
       6.334334        0.447053       -0.026832
       6.342342        0.446766       -0.044727
       6.350350        0.446336       -0.062607
       6.358358        0.445763       -0.080467
       6.366366        0.445048       -0.098302
       6.374374        0.444189       -0.116105
       6.382382        0.443188       -0.133871
       6.390390        0.442045       -0.151594
       6.398398        0.440760       -0.169268
       6.406406        0.439334       -0.186888
       6.414414        0.437767       -0.204448
       6.422422        0.436060       -0.221942
       6.430430        0.434213       -0.239366
       6.438438        0.432227       -0.256712
       6.446446        0.430102       -0.273977
       6.454454        0.427839       -0.291153
       6.462462        0.425439       -0.308236
       6.470470        0.422902       -0.325220
       6.478478        0.420230       -0.342100
       6.486486        0.417423       -0.358871
       6.494494        0.414483       -0.375526
       6.502503        0.411409       -0.392061
       6.510511        0.408204       -0.408470
       6.518519        0.404868       -0.424748
       6.526527        0.401402       -0.440890
       6.534535        0.397807       -0.456891
       6.542543        0.394084       -0.472745
       6.550551        0.390236       -0.488447
       6.558559        0.386262       -0.503993
       6.566567        0.382164       -0.519377
       6.574575        0.377944       -0.534595
       6.582583        0.373602       -0.549642
       6.590591        0.369141       -0.564512
       6.598599        0.364562       -0.579201
       6.606607        0.359865       -0.593704
       6.614615        0.355053       -0.608017
       6.622623        0.350128       -0.622136
       6.630631        0.345090       -0.636054
       6.638639        0.339941       -0.649769
       6.646647        0.334684       -0.663275
       6.654655        0.329319       -0.676569
       6.662663        0.323848       -0.689646
       6.670671        0.318274       -0.702501
       6.678679        0.312598       -0.715132
       6.686687        0.306821       -0.727533
       6.694695        0.300946       -0.739701
       6.702703        0.294975       -0.751631
       6.710711        0.288909       -0.763321
       6.718719        0.282750       -0.774766
       6.726727        0.276501       -0.785962
       6.734735        0.270163       -0.796907
       6.742743        0.263738       -0.807596
       6.750751        0.257229       -0.818026
       6.758759        0.250637       -0.828194
       6.766767        0.243965       -0.838096
       6.774775        0.237215       -0.847729
       6.782783        0.230389       -0.857091
       6.790791        0.223489       -0.866178
       6.798799        0.216517       -0.874987
       6.806807        0.209475       -0.883516
       6.814815        0.202367       -0.891761
       6.822823        0.195194       -0.899720
       6.830831        0.187958       -0.907391
       6.838839        0.180662       -0.914771
       6.846847        0.173308       -0.921858
       6.854855        0.165898       -0.928649
       6.862863        0.158435       -0.935142
       6.870871        0.150922       -0.941336
       6.878879        0.143360       -0.947228
       6.886887        0.135752       -0.952816
       6.894895        0.128100       -0.958098
       6.902903        0.120408       -0.963073
       6.910911        0.112676       -0.967740
       6.918919        0.104909       -0.972096
       6.926927        0.097108       -0.976140
       6.934935        0.089276       -0.979872
       6.942943        0.081415       -0.983289
       6.950951        0.073528       -0.986391
       6.958959        0.065618       -0.989177
       6.966967        0.057687       -0.991646
       6.974975        0.049737       -0.993796
       6.982983        0.041771       -0.995628
       6.990991        0.033792       -0.997141
       6.998999        0.025801       -0.998334
       7.007007        0.017803       -0.999207
       7.015015        0.009799       -0.999760
       7.023023        0.001792       -0.999992
       7.031031       -0.006216       -0.999903
       7.039039       -0.014222       -0.999494
       7.047047       -0.022223       -0.998765
       7.055055       -0.030217       -0.997715
       7.063063       -0.038202       -0.996345
       7.071071       -0.046174       -0.994656
       7.079079       -0.054131       -0.992647
       7.087087       -0.062071       -0.990321
       7.095095       -0.069991       -0.987677
       7.103103       -0.077889       -0.984716
       7.111111       -0.085762       -0.981440
       7.119119       -0.093607       -0.977849
       7.127127       -0.101422       -0.973944
       7.135135       -0.109205       -0.969728
       7.143143       -0.116953       -0.965200
       7.151151       -0.124663       -0.960362
       7.159159       -0.132333       -0.955217
       7.167167       -0.139961       -0.949766
       7.175175       -0.147544       -0.944010
       7.183183       -0.155079       -0.937951
       7.191191       -0.162565       -0.931592
       7.199199       -0.169999       -0.924934
       7.207207       -0.177378       -0.917979
       7.215215       -0.184700       -0.910730
       7.223223       -0.191963       -0.903189
       7.231231       -0.199165       -0.895358
       7.239239       -0.206303       -0.887241
       7.247247       -0.213374       -0.878838
       7.255255       -0.220378       -0.870154
       7.263263       -0.227310       -0.861191
       7.271271       -0.234170       -0.851952
       7.279279       -0.240954       -0.842440
       7.287287       -0.247661       -0.832658
       7.295295       -0.254289       -0.822608
       7.303303       -0.260836       -0.812295
       7.311311       -0.267298       -0.801722
       7.319319       -0.273675       -0.790891
       7.327327       -0.279965       -0.779807
       7.335335       -0.286164       -0.768473
       7.343343       -0.292272       -0.756892
       7.351351       -0.298286       -0.745069
       7.359359       -0.304204       -0.733007
       7.367367       -0.310025       -0.720710
       7.375375       -0.315746       -0.708181
       7.383383       -0.321367       -0.695426
       7.391391       -0.326884       -0.682448
       7.399399       -0.332296       -0.669250
       7.407407       -0.337602       -0.655839
       7.415415       -0.342800       -0.642217
       7.423423       -0.347887       -0.628389
       7.431431       -0.352863       -0.614359
       7.439439       -0.357726       -0.600133
       7.447447       -0.362475       -0.585714
       7.455455       -0.367107       -0.571108
       7.463463       -0.371621       -0.556318
       7.471471       -0.376016       -0.541350
       7.479479       -0.380291       -0.526208
       7.487487       -0.384443       -0.510898
       7.495495       -0.388473       -0.495423
       7.503504       -0.392378       -0.479790
       7.511512       -0.396157       -0.464003
       7.519520       -0.399809       -0.448068
       7.527528       -0.403333       -0.431988
       7.535536       -0.406727       -0.415771
       7.543544       -0.409991       -0.399419
       7.551552       -0.413124       -0.382940
       7.559560       -0.416124       -0.366338
       7.567568       -0.418991       -0.349619
       7.575576       -0.421723       -0.332787
       7.583584       -0.424321       -0.315849
       7.591592       -0.426782       -0.298809
       7.599600       -0.429106       -0.281674
       7.607608       -0.431293       -0.264448
       7.615616       -0.433341       -0.247138
       7.623624       -0.435251       -0.229748
       7.631632       -0.437021       -0.212285
       7.639640       -0.438650       -0.194753
       7.647648       -0.440140       -0.177160
       7.655656       -0.441488       -0.159509
       7.663664       -0.442694       -0.141807
       7.671672       -0.443759       -0.124060
       7.679680       -0.444681       -0.106273
       7.687688       -0.445461       -0.088452
       7.695696       -0.446098       -0.070602
       7.703704       -0.446591       -0.052730
       7.711712       -0.446942       -0.034841
       7.719720       -0.447149       -0.016941
       7.727728       -0.447213        0.000965
       7.735736       -0.447134        0.018870
       7.743744       -0.446911        0.036770
       7.751752       -0.446545        0.054657
       7.759760       -0.446036        0.072527
       7.767768       -0.445384        0.090374
       7.775776       -0.444588        0.108191
       7.783784       -0.443651        0.125974
       7.791792       -0.442571        0.143717
       7.799800       -0.441349        0.161414
       7.807808       -0.439986        0.179059
       7.815816       -0.438482        0.196646
       7.823824       -0.436837        0.214170
       7.831832       -0.435052        0.231626
       7.839840       -0.433127        0.249007
       7.847848       -0.431064        0.266309
       7.855856       -0.428862        0.283525
       7.863864       -0.426523        0.300650
       7.871872       -0.424047        0.317679
       7.879880       -0.421435        0.334606
       7.887888       -0.418688        0.351426
       7.895896       -0.415807        0.368133
       7.903904       -0.412793        0.384722
       7.911912       -0.409646        0.401188
       7.919920       -0.406368        0.417525
       7.927928       -0.402959        0.433728
       7.935936       -0.399421        0.449792
       7.943944       -0.395756        0.465712
       7.951952       -0.391963        0.481483
       7.959960       -0.388045        0.497099
       7.967968       -0.384002        0.512556
       7.975976       -0.379836        0.527848
       7.983984       -0.375548        0.542971
       7.991992       -0.371140        0.557920
       8.000000       -0.366613        0.572691
